0 0.019625520110957004 0.4939814814814815 0.021220527045769766 0.49768518518518523
0 0.08411927877947295 0.5085185185185186 0.08502080443828017 0.5125925925925926
0 0.05533980582524272 0.7288888888888889 0.05707350901525659 0.7332407407407407
0 0.1694868238557559 0.4871296296296297 0.17031900138696254 0.4905555555555555
0 0.20332871012482662 0.0700925925925926 0.20506241331484049 0.07444444444444445
0 0.20818307905686545 0.4577777777777778 0.21012482662968102 0.4613888888888889
0 0.17711511789181694 0.5687962962962962 0.17857142857142858 0.5721296296296297
0 0.18079056865464632 0.605 0.18321775312066574 0.6084259259259259
0 0.22330097087378642 0.8618518518518519 0.2250346740638003 0.8660185185185185
0 0.29678607298292603 0.846360153256705 0.29889042995839116 0.8507024265644955
0 0.3431775790329523 0.7583652618135377 0.3456645463675929 0.7611749680715199
0 0.325960112870056 0.6372924648786717 0.32863838538428425 0.6398467432950192
0 0.45719546606724376 0.06934865900383143 0.45920417045291506 0.07343550446998723
0 0.4587259075039456 0.3315453384418902 0.4551867616815725 0.33346104725415077
0 0.38430819264431587 0.5871008939974458 0.386412549619781 0.5900383141762453
0 0.46051885008195687 0.6763468013468013 0.4624101626528811 0.6807659932659932
0 0.41244798890429957 0.7941919191919191 0.41433930147522385 0.7984006734006734
0 0.5823827450536387 0.9643093348450491 0.585124826629681 0.9682067271352985
0 0.6184720767641315 0.9291147014361301 0.6202411616519007 0.9337207105064248
0 0.6412048175719665 0.6750755857898715 0.6423547227490164 0.6805083144368859
0 0.5936164340909734 0.5471702569916855 0.5947663392680235 0.5507133408919124
0 0.6370474680857087 0.3371834845049131 0.6375781935520395 0.3410808767951625
0 0.6465120722352742 0.1940428949357521 0.6473966146791588 0.1991213151927438
0 0.5715028729938578 0.06377551020408163 0.5735373206147923 0.06802721088435375
0 0.6966712898751733 0.22953703703703704 0.6986130374479889 0.2341666666666667
0 0.7414701803051318 0.37222222222222223 0.7436893203883496 0.37592592592592594
0 0.7486823855755894 0.6899074074074074 0.7505547850208044 0.6936111111111112
0 0.7289181692094313 0.7195370370370371 0.7305131761442442 0.7223148148148149
0 0.8307905686546464 0.759537037037037 0.8332871012482662 0.7632407407407408
0 0.7832947026450522 0.38551620760727007 0.7859844276615998 0.3877022047342452
0 0.8000177755740225 0.47061395290737623 0.8002516647058963 0.47451751920554625
0 0.8128816778270764 0.26185122728124416 0.8147527908820662 0.2663793641871214
0 0.9615182211328186 0.4726438073824246 0.963740167885619 0.47623508837674106
0 0.9777735157980415 0.4774842295921555 0.9792937951552205 0.4807632252826182
0 0.9948474224248223 0.6951470863781152 0.9956660343863802 0.699206795328212
0 0.956489604797534 0.7885203922303418 0.9585946069843972 0.7914871026169509
0 0.8925209272300745 0.8444194616201361 0.8941581511531905 0.8472300293548186
0 0.9292415209342467 0.9070326650427831 0.9299431883298679 0.9114046592967335
0 0.8979626597700909 0.10454376682446859 0.8997007080808818 0.10848881462916551
0 0.7965325936199722 0.7798148148148148 0.7983356449375867 0.782962962962963
