0 0.06435506241331485 0.7462037037037037 0.06546463245492372 0.7507407407407407
0 0.08023578363384189 0.9292592592592593 0.08085991678224688 0.9339814814814815
0 0.120873786407767 0.8116666666666668 0.1210124826629681 0.8166666666666667
0 0.1507628294036061 0.6951851851851851 0.1509015256588072 0.6996296296296297
0 0.1093619972260749 0.6593518518518519 0.10929264909847435 0.6638888888888889
0 0.1435506241331484 0.4860185185185185 0.14389736477115117 0.4900925925925926
0 0.1470873786407767 0.4003703703703704 0.1473647711511789 0.4050925925925926
0 0.13273231622746187 0.24592592592592596 0.1326629680998613 0.250462962962963
0 0.1720527045769764 0.20574074074074075 0.17253814147018032 0.21037037037037037
0 0.18779472954230236 0.4967592592592593 0.18793342579750347 0.5012962962962962
0 0.2823855755894591 0.7392592592592593 0.2826629680998613 0.7442592592592593
0 0.37385575589459086 0.21972222222222224 0.3737864077669903 0.22416666666666668
0 0.31761442441054094 0.6018518518518519 0.31789181692094315 0.6066666666666667
0 0.3243411927877947 0.8848148148148148 0.3245492371705964 0.8896296296296297
0 0.40936199722607486 0.23722222222222222 0.41012482662968097 0.24185185185185185
0 0.47066574202496536 0.9371296296296296 0.47045769764216366 0.9416666666666667
0 0.530374479889043 0.5125000000000001 0.5303051317614424 0.5171296296296296
0 0.6047850208044383 0.2894444444444445 0.6047850208044383 0.2939814814814815
0 0.6026352288488211 0.75 0.6027045769764217 0.7543518518518519
0 0.5862690707350902 0.9074074074074074 0.5861303744798891 0.9124074074074074
0 0.6221914008321776 0.9294444444444444 0.6219833564493759 0.9340740740740741
0 0.6529126213592233 0.6737962962962963 0.6525658807212206 0.6783333333333333
0 0.6781553398058252 0.24 0.6782940360610263 0.24462962962962964
0 0.695631067961165 0.9580555555555557 0.6958391123439667 0.9631481481481482
0 0.7543689320388349 0.9369444444444445 0.7542995839112344 0.9418518518518519
0 0.8038834951456311 0.4264814814814815 0.8040915395284327 0.4312037037037037
0 0.8384882108183078 0.9402777777777778 0.8392510402219141 0.9447222222222222
0 0.9428571428571428 0.07444444444444445 0.944868238557559 0.07824074074074075
0 0.9461858529819696 0.250462962962963 0.9468793342579751 0.25546296296296295
0 0.9724687933425797 0.6887037037037037 0.9724687933425797 0.6935185185185185
0 0.9210124826629681 0.8657407407407408 0.9212205270457698 0.8702777777777778
0 0.8088765603328711 0.9566666666666668 0.8085991678224688 0.9612037037037037
