0 0.05603328710124827 0.1377777777777778 0.05624133148404993 0.14212962962962963
0 0.06976421636615811 0.14583333333333334 0.07066574202496533 0.1502777777777778
0 0.08564493758668516 0.12648148148148147 0.08703190013869626 0.13083333333333336
0 0.005201109570041609 0.38759259259259266 0.005825242718446602 0.3925
0 0.030790568654646324 0.4189814814814815 0.031484049930651875 0.42314814814814816
0 0.13342579750346742 0.21546296296296297 0.1343273231622746 0.22037037037037038
0 0.13828016643550625 0.10601851851851853 0.1393897364771151 0.11074074074074074
0 0.19452149791955617 0.11907407407407407 0.1949375866851595 0.1237962962962963
0 0.16997226074895977 0.14935185185185187 0.17156726768377253 0.1534259259259259
0 0.20305131761442444 0.35611111111111116 0.2035367545076283 0.36064814814814816
0 0.2352981969486824 0.12861111111111112 0.23675450762829403 0.13296296296296295
0 0.314493758668516 0.005462962962962964 0.31560332871012486 0.009351851851851853
0 0.30880721220527046 0.11601851851851852 0.3092233009708738 0.12
0 0.3334257975034674 0.20148148148148148 0.3342579750346741 0.2062962962962963
0 0.32219140083217757 0.3042592592592593 0.3231622746185853 0.30888888888888894
0 0.3103328710124827 0.5891666666666666 0.3108876560332871 0.5932407407407408
0 0.36754507628294036 0.5091666666666667 0.3685159500693481 0.5137037037037037
0 0.38793342579750345 0.3156481481481481 0.38821081830790566 0.3202777777777778
0 0.35776699029126213 0.12694444444444444 0.3592233009708738 0.13092592592592595
0 0.41900138696255207 0.16564814814814816 0.4190707350901525 0.16972222222222225
0 0.4329403606102635 0.1787962962962963 0.4343273231622746 0.1827777777777778
0 0.4407073509015257 0.17046296296296296 0.4416088765603329 0.17472222222222222
0 0.42836338418862696 0.4700925925925926 0.42850208044382804 0.4739814814814815
0 0.42267683772538145 0.4714814814814815 0.42378640776699034 0.47500000000000003
0 0.5096393897364772 0.5001851851851853 0.5096393897364772 0.505
0 0.4757975034674064 0.21462962962962964 0.4761442441054092 0.2189814814814815
0 0.5352288488210818 0.18185185185185188 0.5357836338418863 0.1863888888888889
0 0.5011789181692095 0.0937962962962963 0.5011789181692095 0.09898148148148149
0 0.5045076282940361 0.07768518518518519 0.5045769764216367 0.08268518518518518
0 0.5780166435506241 0.11212962962962963 0.5780166435506241 0.11648148148148148
0 0.5770457697642164 0.12083333333333336 0.5782940360610264 0.12462962962962966
0 0.5661581137309293 0.24074074074074076 0.566504854368932 0.24592592592592596
0 0.5670596393897365 0.37740740740740747 0.5673370319001387 0.3817592592592593
0 0.6063106796116504 0.5542592592592593 0.6079750346740639 0.5585185185185186
0 0.5894590846047156 0.047592592592592596 0.590984743411928 0.051388888888888894
0 0.5930651872399446 0.07083333333333333 0.593619972260749 0.07546296296296297
0 0.6945908460471567 0.15675925925925926 0.6945908460471567 0.1612962962962963
0 0.7454230235783634 0.5399074074074075 0.7463245492371706 0.5451851851851852
0 0.7139389736477115 0.22037037037037038 0.7151872399445215 0.22453703703703703
0 0.713245492371706 0.23805555555555558 0.7147711511789182 0.24222222222222226
0 0.7265603328710125 0.0325925925925926 0.7268377253814147 0.03777777777777778
0 0.8045769764216366 0.07731481481481482 0.8054091539528434 0.08166666666666668
0 0.875242718446602 0.5925925925925926 0.8757281553398059 0.5976851851851852
0 0.8384188626907074 0.3017592592592592 0.838626907073509 0.30648148148148147
0 0.8477808599167823 0.23925925925925925 0.847364771151179 0.24435185185185185
0 0.8900138696255202 0.05666666666666667 0.890499306518724 0.06064814814814815
0 0.8848821081830791 0.07935185185185185 0.8856449375866852 0.0837962962962963
0 0.8924410540915396 0.19555555555555557 0.8925797503467406 0.2
0 0.8828016643550625 0.302962962962963 0.8833564493758669 0.3078703703703704
0 0.8939667128987517 0.4425 0.8938280166435507 0.4475
0 0.9388349514563107 0.5128703703703704 0.9389736477115118 0.5176851851851852
0 0.9248266296809986 0.4753703703703704 0.9256588072122053 0.48027777777777786
0 0.9177531206657421 0.29870370370370375 0.9176837725381415 0.3037037037037037
0 0.9458391123439668 0.3300925925925926 0.9459778085991678 0.335
0 0.940984743411928 0.28240740740740744 0.9410540915395285 0.2872222222222222
0 0.9423023578363384 0.27314814814814814 0.9427184466019418 0.2778703703703704
0 0.9536754507628294 0.12703703703703703 0.9538834951456311 0.13157407407407407
0 0.9988904299583912 0.31833333333333336 0.9990291262135922 0.3225
0 0.9918862690707351 0.758425925925926 0.992995839112344 0.7630555555555556
