0 0.05208044382801664 0.45861111111111114 0.05423023578363385 0.46222222222222226
0 0.024965325936199722 0.5927777777777778 0.027323162274618586 0.596388888888889
0 0.16435506241331485 0.482962962962963 0.16678224687933427 0.4881481481481482
0 0.10561719833564495 0.3962037037037037 0.10818307905686547 0.39962962962962967
0 0.2544382801664355 0.7289814814814815 0.2568654646324549 0.7331481481481481
0 0.2854368932038835 0.5642592592592592 0.28606102635228847 0.5684259259259259
0 0.26192787794729544 0.4444444444444445 0.2633841886269071 0.4487037037037037
0 0.24271844660194175 0.25518518518518524 0.24459084604715672 0.25981481481481483
0 0.2035367545076283 0.28055555555555556 0.20423023578363383 0.28555555555555556
0 0.33439667128987516 0.20981481481481482 0.33536754507628297 0.21435185185185185
0 0.9223994452149792 0.15388888888888888 0.9246879334257976 0.15814814814814818
0 0.9267683772538142 0.12342592592592594 0.9277392510402219 0.12851851851851853
0 0.9090846047156728 0.10481481481481482 0.9106102635228849 0.10861111111111112
0 0.9566574202496533 0.2651851851851852 0.9581830790568655 0.26916666666666667
0 0.9438973647711512 0.27796296296296297 0.9463245492371706 0.2812962962962963
0 0.9280859916782247 0.2950925925925926 0.9297503467406381 0.2990740740740741
0 0.8907073509015258 0.32935185185185184 0.8925104022191401 0.33370370370370367
0 0.8832177531206657 0.32166666666666666 0.8851595006934814 0.32564814814814813
0 0.9541608876560334 0.4007407407407408 0.9564493758668516 0.4042592592592593
0 0.9320388349514563 0.42518518518518517 0.9333564493758669 0.4293518518518519
0 0.887239944521498 0.4418518518518519 0.8891816920943135 0.4465740740740741
0 0.8519417475728156 0.420925925925926 0.8540915395284326 0.42453703703703705
0 0.9407766990291262 0.7262962962962963 0.9409153952843273 0.7311111111111112
0 0.9412621359223301 0.7372222222222223 0.9431345353675451 0.7416666666666667
0 0.8710818307905687 0.837962962962963 0.8710818307905687 0.8431481481481482
0 0.8502080443828017 0.8206481481481481 0.8511095700416089 0.8250000000000001
0 0.8301664355062415 0.6235185185185185 0.8328016643550625 0.6247222222222223
0 0.8594313453536755 0.6006481481481483 0.8617891816920944 0.605462962962963
0 0.8321775312066575 0.6312962962962962 0.8327323162274618 0.6354629629629629
0 0.3287101248266297 0.5825 0.3302357836338419 0.5866666666666667
0 0.3539528432732316 0.4267592592592592 0.35457697642163666 0.43092592592592593
0 0.35420373758735607 0.8600698643020289 0.35588083861759917 0.8643244211563439
0 0.44510261342653545 0.7890859420484573 0.44694742455980296 0.7931165748578084
0 0.41608876560332875 0.7415020824936184 0.4175143014790354 0.7463164494603433
0 0.4014141315887011 0.6302118321465361 0.4020849720007983 0.6349142370907789
0 0.44510261342653545 0.5053741770791348 0.44577345383863276 0.5099646200008958
0 0.3888358738618774 0.37840924358457617 0.3903452647890962 0.38266380043889114
0 0.45090152565880726 0.18731481481481482 0.4526352288488211 0.1914814814814815
0 0.4764216366158114 0.2531481481481481 0.47753120665742027 0.2575925925925926
0 0.6145631067961166 0.8687962962962963 0.6159500693481277 0.8729629629629629
0 0.6160887656033287 0.7296296296296296 0.616366158113731 0.735
0 0.6072122052704577 0.5752777777777778 0.6081830790568655 0.5800925925925926
0 0.6264216366158114 0.47074074074074074 0.6273925104022192 0.47527777777777774
0 0.5947295423023579 0.3748148148148148 0.5954230235783634 0.3800925925925926
0 0.5460471567267684 0.23398148148148148 0.5471567267683772 0.23814814814814814
0 0.6042302357836338 0.16037037037037036 0.6052704576976421 0.16453703703703704
0 0.6033287101248267 0.01740740740740741 0.6042302357836338 0.021296296296296296
0 0.6533287101248266 0.025185185185185185 0.6546463245492372 0.028425925925925927
0 0.6781553398058252 0.027592592592592596 0.6799583911234397 0.03
0 0.70748959778086 0.027314814814814816 0.7090846047156727 0.03037037037037037
0 0.7142857142857143 0.027685185185185184 0.7160887656033287 0.03083333333333333
0 0.7700416088765604 0.02416666666666667 0.7717753120665742 0.027314814814814816
0 0.8079750346740637 0.026574074074074073 0.8095700416088767 0.030555555555555558
0 0.7252084767277369 0.31469936270435034 0.7259002286240018 0.31908654290200433
0 0.7497656690451403 0.2085988731874019 0.7510627038506369 0.21275514916412674
0 0.9476421636615812 0.5327777777777778 0.9481969486823856 0.5375
0 0.7718446601941747 0.7042592592592594 0.7719140083217753 0.7087037037037037
0 0.7780166435506242 0.7530555555555556 0.7791955617198335 0.7576851851851851
0 0.7714285714285715 0.7768518518518519 0.7730235783633842 0.7808333333333333
0 0.714008321775312 0.8150925925925926 0.7155339805825243 0.8187962962962962
0 0.7099167822468794 0.8216666666666667 0.7109570041608877 0.8250925925925926
0 0.6732316227461859 0.6437962962962963 0.6748266296809986 0.6476851851851853
0 0.788002773925104 0.5652777777777778 0.7893897364771151 0.5689814814814815
0 0.7882108183079056 0.43194444444444446 0.7895284327323162 0.43592592592592594
0 0.7371012482662969 0.47657407407407415 0.7389736477115117 0.47962962962962963
0 0.5202749005682283 0.4074621311618948 0.5223241951190721 0.41063610892216096
