0 0.10834772853487082 0.5475445264177659 0.11085933074173195 0.5504322229674342
0 0.10332452412114855 0.9149340487368657 0.10604542651191477 0.9166107757657055
0 0.11469650077999202 0.9240628958938819 0.1171383362588848 0.9270437439451524
0 0.42871012482662973 0.5163888888888889 0.4318307905686547 0.5181481481481481
0 0.7151872399445215 0.9072222222222223 0.7184466019417476 0.9098148148148149
0 0.7039528432732317 0.7018518518518518 0.7063800277392511 0.7050925925925926
0 0.7071428571428572 0.655 0.7093619972260748 0.6585185185185186
0 0.6968099861303745 0.6423148148148149 0.6998613037447989 0.645
0 0.7291262135922331 0.6374074074074074 0.7308599167822469 0.6414814814814814
0 0.6315658091993902 0.656761412575366 0.6349315423893059 0.6590083511215968
0 0.6359132145696981 0.6268958543983821 0.6387179922279611 0.6298917724600231
0 0.015117891816920944 0.978425925925926 0.018099861303744802 0.9814814814814815
