0 0.005062413314840499 0.5919444444444444 0.007489597780859917 0.5945370370370371
0 0.012829403606102635 0.9487037037037036 0.015603328710124827 0.9502777777777778
0 0.024757281553398063 0.9576851851851852 0.02725381414701803 0.9599074074074074
0 0.3276699029126214 0.5594444444444445 0.33030513176144244 0.5615740740740741
0 0.6263522884882109 0.9389814814814815 0.6290568654646325 0.9410185185185185
0 0.6151872399445215 0.7331481481481481 0.6173370319001388 0.7359259259259259
0 0.6183772538141471 0.6871296296296296 0.6209431345353676 0.6899074074074074
0 0.6078363384188628 0.6743518518518519 0.6104715672676837 0.6765740740740741
0 0.6400138696255201 0.6701851851851853 0.6428571428571429 0.6730555555555556
0 0.6361997226074896 0.6245370370370371 0.6385575589459085 0.6270370370370371
