0 0.0340499306518724 0.12435185185185187 0.03495145631067961 0.12861111111111112
0 0.19174757281553398 0.721388888888889 0.19271844660194173 0.7267592592592592
0 0.1798890429958391 0.607962962962963 0.18134535367545077 0.6127777777777778
0 0.16206657420249654 0.15037037037037038 0.16359223300970874 0.15462962962962964
0 0.12676837725381415 0.4147222222222222 0.12843273231622745 0.4192592592592593
0 0.3783633841886269 0.6572222222222222 0.3798196948682386 0.6615740740740741
0 0.41026352288488216 0.38083333333333336 0.4119278779472954 0.3851851851851852
0 0.5251733703190014 0.41055555555555556 0.5260748959778087 0.4158333333333334
0 0.9225381414701803 0.9353703703703704 0.9234396671289875 0.9393518518518519
0 0.9081830790568655 0.7998148148148148 0.9100554785020805 0.8035185185185185
0 0.8889736477115119 0.6721296296296296 0.8908460471567268 0.6755555555555556
0 0.7441054091539528 0.4872222222222223 0.7450762829403607 0.4917592592592593
0 0.7588072122052705 0.32305555555555554 0.7604715672676837 0.327037037037037
