0 0.1098353331037243 0.5662440964454387 0.11318638356495916 0.5678598061148397
0 0.10313323218125457 0.9367387521749938 0.10573960476221504 0.9397216007954263
0 0.11430340038537079 0.9460601541138454 0.11700285770136554 0.9471787223465076
0 0.4298882243838776 0.5352570108050716 0.43281183853229893 0.5377552932359004
0 0.6400778695684728 0.5863800818813673 0.6428410983031992 0.5892364086451489
0 0.630896819256317 0.6777825383223841 0.6339274572234365 0.6777825383223841
0 0.7151872399445215 0.928425925925926 0.7181692094313453 0.9300925925925926
0 0.7038141470180305 0.7225925925925926 0.7066574202496533 0.7243518518518518
0 0.7070735090152567 0.6760185185185186 0.7096393897364771 0.678888888888889
0 0.6968099861303745 0.6625925925925926 0.699375866851595 0.6648148148148149
0 0.7290568654646324 0.6587962962962963 0.731622746185853 0.6625925925925926
