0 0.0941747572815534 0.552962962962963 0.09660194174757282 0.5557407407407408
0 0.36282940360610266 0.6722222222222223 0.36560332871012485 0.6741666666666667
0 0.39514563106796113 0.6681481481481482 0.3976421636615811 0.6703703703703704
0 0.37260748959778084 0.6854629629629629 0.3755894590846047 0.6860185185185185
0 0.3699722607489598 0.7321296296296297 0.37253814147018033 0.7344444444444446
0 0.38058252427184464 0.9375 0.3832871012482663 0.9400000000000001
0 0.705131761442441 0.6187962962962963 0.7078363384188627 0.6207407407407407
0 0.8097780859916783 0.2593518518518519 0.8129680998613037 0.2625925925925926
0 0.9427877947295423 0.7237037037037037 0.9450069348127601 0.7256481481481483
0 0.9970180305131762 0.5810185185185185 0.9993065187239945 0.5835502645502645
