0 0.1733009708737864 0.5271296296296296 0.17385575589459085 0.5321296296296297
0 0.28307905686546464 0.9176851851851853 0.28363384188626906 0.9225
0 0.3999306518723995 0.4632407407407408 0.40006934812760053 0.4677777777777778
0 0.370249653259362 0.855 0.3704576976421637 0.86
0 0.38196948682385573 0.8632407407407408 0.38196948682385573 0.8678703703703704
0 0.529126213592233 0.6314814814814815 0.5300277392510402 0.6357407407407408
0 0.6034674063800278 0.5592592592592592 0.6045076282940361 0.5636111111111112
0 0.7226074895977809 0.42592592592592593 0.7236477115117892 0.43074074074074076
0 0.8540915395284326 0.457962962962963 0.8541608876560334 0.4620370370370371
0 0.8867545076282941 0.5611111111111111 0.8873092926490985 0.5657407407407408
0 0.898127600554785 0.5972222222222222 0.8988210818307906 0.6016666666666667
0 0.9829403606102636 0.8481481481481482 0.9833564493758669 0.8527777777777779
0 0.9712205270457698 0.6425 0.9725381414701804 0.6472222222222223
0 0.9641470180305132 0.582962962962963 0.9647018030513176 0.5875925925925927
0 0.9748959778085992 0.595925925925926 0.9757281553398058 0.6008333333333333
0 0.9972954230235783 0.5780555555555555 0.9970873786407767 0.5830555555555557
0 0.923370319001387 0.3525925925925926 0.9246879334257976 0.3565740740740741
