0 0.0041115455212592765 0.9544343826361937 0.006802934690750406 0.9579081021513105
0 0.09211997136361923 0.8914282976378707 0.09355537892068116 0.8952613674476546
0 0.3257281553398058 0.5937962962962963 0.3276699029126214 0.5980555555555556
0 0.5753426267660265 0.4921531701192718 0.577693410752486 0.49639045825486505
0 0.7041608876560332 0.8826851851851851 0.7070735090152567 0.8839814814814816
0 0.6932038834951456 0.6776851851851852 0.694868238557559 0.6812037037037038
0 0.6961858529819694 0.6311111111111112 0.6981276005547851 0.6349074074074075
0 0.6858529819694869 0.6175925925925926 0.688626907073509 0.6203703703703703
0 0.717128987517337 0.6131481481481482 0.7203190013869626 0.6162962962962963
0 0.6191400832177532 0.6323148148148148 0.6223300970873786 0.6358333333333334
