0 0.13536754507628293 0.5280555555555555 0.13869625520110956 0.5292592592592593
0 0.1384882108183079 0.8930555555555556 0.141747572815534 0.8946296296296297
0 0.15013869625520113 0.9023148148148149 0.153120665742025 0.9040740740740741
0 0.05090152565880722 0.956111111111111 0.05416088765603328 0.9583333333333334
0 0.45748959778085996 0.4960185185185186 0.4604022191400832 0.4978703703703704
0 0.6667822468793343 0.6348148148148148 0.6697642163661581 0.6366666666666667
0 0.7396671289875173 0.679537037037037 0.7422330097087378 0.6813888888888889
0 0.7425797503467406 0.633425925925926 0.7452149791955617 0.6365740740740741
0 0.7323162274618585 0.62 0.7346047156726768 0.6226851851851852
0 0.7650485436893204 0.6160185185185185 0.7681692094313454 0.6190740740740741
0 0.7509015256588074 0.8849074074074074 0.753883495145631 0.8852777777777778
