0 0.8898249459198757 0.6003912005283748 0.8913469898727001 0.6049636742366509
0 0.8024976741265846 0.34814306762180564 0.8034489515970998 0.35284255448864504
0 0.7449453871604178 0.41622212061169533 0.7475138363308087 0.4196514758929025
0 0.7637806810766179 0.07442971091805112 0.7648270862941844 0.0781130925163847
0 0.7211511789181693 0.08750000000000001 0.7231622746185853 0.09037037037037036
0 0.6718446601941748 0.05694444444444444 0.6744105409153953 0.06027777777777778
0 0.6299583911234397 0.6664814814814815 0.6316920943134535 0.6698148148148149
0 0.5263522884882108 0.3390740740740741 0.527877947295423 0.34305555555555556
0 0.43966712898751736 0.44046296296296295 0.4414701803051318 0.44351851851851853
0 0.49209431345353677 0.6153703703703705 0.49438280166435505 0.6182407407407408
0 0.4036754507628294 0.5436111111111112 0.4056171983356449 0.5468518518518519
0 0.26386962552011095 0.3437962962962963 0.26511789181692097 0.3476851851851852
0 0.3217753120665742 0.5415740740740741 0.3223994452149792 0.545462962962963
0 0.12766990291262137 0.34296296296296297 0.1285714285714286 0.3471296296296296
