0 0.06343472137105012 0.594417784340265 0.06550825342555176 0.5983142611049589
0 0.466066376304575 0.7496753101348024 0.4669887818712088 0.7538179049666355
0 0.5136960455634808 0.7072417036141342 0.5142830309240659 0.7112723364234853
0 0.6047496517148603 0.4606945475542358 0.6058308029246684 0.46481893920646705
0 0.6185729421831223 0.3452115812917595 0.620503569343494 0.349232863152685
0 0.681974738129732 0.08537490720118783 0.6839825903765185 0.08857131073166709
0 0.7357836338418863 0.24175925925925928 0.7367545076282941 0.24583333333333335
0 0.7474341192787795 0.742037037037037 0.7485436893203884 0.7458333333333333
0 0.7502080443828016 0.8287962962962964 0.75124826629681 0.8324074074074075
0 0.8916088765603329 0.7667592592592594 0.8932038834951457 0.7705555555555557
