0 0.006449375866851596 0.1474074074074074 0.009223300970873788 0.15064814814814814
0 0.07489597780859918 0.019074074074074077 0.07565880721220526 0.023796296296296298
0 0.0210124826629681 0.1912037037037037 0.02302357836338419 0.19462962962962962
0 0.12586685159500693 0.22259259259259262 0.12836338418862692 0.22583333333333336
0 0.19563106796116506 0.05287037037037037 0.1964632454923717 0.0575925925925926
0 0.20284327323162274 0.04953703703703704 0.20506241331484049 0.05342592592592593
0 0.17517337031900138 0.12805555555555556 0.1764216366158114 0.13314814814814815
0 0.1783633841886269 0.21768518518518518 0.17995839112343967 0.22203703703703706
0 0.2169902912621359 0.24055555555555558 0.2178224687933426 0.2451851851851852
0 0.19604715672676837 0.2962037037037037 0.19715672676837726 0.30092592592592593
0 0.179750346740638 0.6357407407407408 0.18162274618585297 0.64
0 0.2355755894590846 0.6213888888888889 0.2366851595006935 0.6262962962962964
0 0.25173370319001387 0.5049074074074074 0.2529126213592233 0.5096296296296297
0 0.2305131761442441 0.29129629629629633 0.23169209431345356 0.29574074074074075
0 0.25395284327323164 0.2751851851851852 0.25533980582524274 0.2801851851851852
0 0.3441054091539528 0.34944444444444445 0.34452149791955616 0.35407407407407404
0 0.3388349514563107 0.48592592592592593 0.33980582524271846 0.49064814814814817
0 0.3368238557558946 0.4981481481481482 0.33814147018030516 0.5025925925925926
0 0.3666435506241332 0.6202777777777778 0.36803051317614427 0.6251851851851853
0 0.38814147018030515 0.4184259259259259 0.3891123439667129 0.42342592592592593
0 0.3921636615811373 0.38018518518518524 0.392995839112344 0.38555555555555554
0 0.4552011095700416 0.09916666666666667 0.4554091539528433 0.10361111111111113
0 0.47739251040221914 0.2725 0.4782246879334258 0.27712962962962967
0 0.42226074895977805 0.6943518518518519 0.42364771151178915 0.6995370370370371
0 0.5271844660194175 0.8024074074074075 0.5282940360610263 0.8071296296296298
0 0.5509015256588072 0.5637037037037037 0.5519417475728156 0.5687037037037038
0 0.5480582524271844 0.3150925925925926 0.5485436893203883 0.31953703703703706
0 0.5402219140083218 0.2439814814814815 0.5413314840499307 0.24824074074074076
0 0.48918169209431345 0.21638888888888888 0.4900832177531207 0.22092592592592594
0 0.5463938973647712 0.14805555555555558 0.5463938973647712 0.1525925925925926
0 0.6683079056865465 0.23055555555555557 0.6706657420249653 0.23462962962962963
0 0.6725381414701803 0.1576851851851852 0.6735090152565881 0.16212962962962962
0 0.7248266296809986 0.0512037037037037 0.7261442441054091 0.05592592592592593
0 0.7365464632454923 0.05296296296296297 0.7375866851595007 0.05777777777777778
0 0.6970873786407767 0.2812037037037037 0.6986130374479889 0.28555555555555556
0 0.8344660194174757 0.8225 0.8354368932038836 0.8268518518518518
0 0.8067961165048545 0.6262037037037037 0.8083217753120665 0.6305555555555555
0 0.827877947295423 0.4137962962962963 0.828987517337032 0.4185185185185185
0 0.9027045769764217 0.07231481481481482 0.90374479889043 0.07740740740740741
0 0.879611650485437 0.46175925925925926 0.8802357836338419 0.4665740740740741
0 0.8833564493758669 0.6097222222222223 0.884119278779473 0.6142592592592593
0 0.8944521497919556 0.8371296296296297 0.8950069348127601 0.8416666666666667
0 0.9773925104022192 0.8564814814814815 0.9788488210818308 0.8606481481481482
0 0.9891816920943135 0.8025000000000001 0.9904299583911235 0.8066666666666668
0 0.9547156726768378 0.33101851851851855 0.9563106796116505 0.335
0 0.9786407766990292 0.36657407407407405 0.9800277392510403 0.3712962962962963
0 0.9976421636615811 0.7746296296296297 0.9982662968099861 0.7791666666666667
