0 0.12676837725381415 0.14657407407407408 0.12968099861303745 0.15055555555555555
0 0.1216366158113731 0.8 0.12385575589459084 0.8035185185185185
0 0.21664355062413312 0.06981481481481483 0.2179611650485437 0.0739814814814815
0 0.358876560332871 0.37212962962962964 0.3605409153952843 0.37657407407407406
0 0.3771151178918169 0.5543518518518519 0.37995839112343965 0.5575
0 0.4964632454923717 0.0487962962962963 0.4978502080443828 0.05342592592592593
0 0.5699722607489598 0.6069444444444445 0.5719140083217754 0.6106481481481482
0 0.6122746185852982 0.026574074074074073 0.613869625520111 0.030462962962962963
0 0.6380027739251041 0.07509259259259259 0.6407766990291263 0.07851851851851852
0 0.7150485436893204 0.07027777777777779 0.7162968099861304 0.07481481481481482
0 0.8273925104022191 0.25546296296296295 0.8295423023578364 0.2594444444444444
0 0.9666435506241332 0.9114814814814814 0.9680998613037448 0.9165740740740741
