0 0.028640776699029126 0.062314814814814816 0.030305131761442443 0.0663888888888889
0 0.04244105409153953 0.9122222222222223 0.04382801664355063 0.9164814814814815
0 0.21511789181692095 0.890462962962963 0.21671289875173372 0.8951851851851852
0 0.1664355062413315 0.8153703703703704 0.1682385575589459 0.8198148148148148
0 0.3899445214979195 0.8849074074074075 0.39223300970873787 0.888425925925926
0 0.3954923717059639 0.8206481481481481 0.39667128987517336 0.8248148148148148
0 0.3906380027739251 0.6799074074074074 0.39285714285714285 0.6833333333333333
0 0.3204576976421637 0.18037037037037038 0.3222607489597781 0.18398148148148147
0 0.36539528432732316 0.17277777777777778 0.3663661581137309 0.17777777777777778
0 0.3325936199722608 0.25666666666666665 0.33536754507628297 0.2594444444444444
0 0.43786407766990293 0.30240740740740746 0.4400832177531207 0.3062037037037037
0 0.48855755894590847 0.3188888888888889 0.4895977808599168 0.32305555555555554
0 0.4002773925104023 0.3899074074074074 0.4027045769764217 0.39351851851851855
0 0.513987414271874 0.09837225760792641 0.5150916838196536 0.10259888338444603
0 0.5076562688646047 0.15892112919713772 0.5097175720204599 0.1637375167099159
0 0.5281220644834521 0.17317370449005273 0.5303306035790112 0.1774986238892821
0 0.49477312414051017 0.44063065188330586 0.4963927194772535 0.4447589840371157
0 0.8191400832177532 0.23435185185185187 0.8218446601941747 0.23750000000000002
0 0.5376560332871012 0.8327777777777778 0.5392510402219141 0.8365740740740741
0 0.9539528432732316 0.4750925925925926 0.9560332871012482 0.4799074074074074
0 0.9410540915395285 0.9253703703703704 0.9430651872399446 0.9287962962962963
0 0.9878640776699029 0.8922222222222222 0.9896671289875173 0.8958333333333334
0 0.6400893547555632 0.08778152362223154 0.6414044267075333 0.09246382918949286
0 0.6087906422986756 0.038617315165987695 0.6107194144948984 0.04318256309406748
