0 0.049930651872399444 0.6315740740740741 0.05256588072122052 0.6343518518518519
0 0.18460471567267683 0.9637037037037037 0.18710124826629682 0.9669444444444444
0 0.27981969486823854 0.5468518518518519 0.28224687933425796 0.5499074074074074
0 0.27205270457697645 0.9005555555555557 0.2740638002773925 0.9028703703703704
0 0.2832871012482663 0.9098148148148149 0.2859916782246879 0.9119444444444444
0 0.6009708737864078 0.5169444444444444 0.6030513176144244 0.5196296296296297
0 0.8843273231622747 0.8931481481481482 0.8862690707350902 0.8962962962962964
0 0.8729542302357837 0.6878703703703704 0.8757975034674065 0.6894444444444445
0 0.875866851595007 0.6418518518518519 0.8782940360610264 0.6444444444444445
0 0.8652565880721221 0.6282407407407408 0.8679611650485436 0.6296296296296297
0 0.8984049930651873 0.6240740740740741 0.9009015256588072 0.6283333333333334
