0 0.2740638002773925 0.6131481481481482 0.2749653259361997 0.6176851851851852
0 0.41019417475728154 0.993425925925926 0.4139389736477115 0.9948148148148149
0 0.49701803051317617 0.9309259259259259 0.4970873786407767 0.9354629629629629
0 0.5086685159500693 0.9400925925925926 0.5085991678224688 0.9445370370370371
0 0.5045076282940361 0.5505555555555556 0.5042995839112344 0.5556481481481482
0 0.6292649098474341 0.6326851851851851 0.6291955617198336 0.6381481481481482
0 0.7303051317614424 0.634537037037037 0.7301664355062414 0.6394444444444445
0 0.8261442441054091 0.5122222222222222 0.8264216366158115 0.5170370370370371
0 0.9893203883495145 0.6372222222222222 0.9896671289875173 0.6421296296296296
0 0.981622746185853 0.532962962962963 0.9821775312066574 0.5372222222222223
