0 0.032524271844660196 0.1899074074074074 0.033356449375866855 0.19472222222222224
0 0.05547850208044383 0.2437037037037037 0.055686546463245494 0.24814814814814815
0 0.041747572815533984 0.4122222222222222 0.04188626907073509 0.4167592592592593
0 0.04604715672676838 0.42074074074074075 0.04611650485436893 0.425
0 0.02725381414701803 0.5298148148148148 0.02794729542302358 0.5341666666666667
0 0.028294036061026352 0.5393518518518519 0.028918169209431348 0.5435185185185185
0 0.03072122052704577 0.547037037037037 0.031484049930651875 0.5511111111111112
0 0.040776699029126215 0.5395370370370371 0.04098474341192788 0.5439814814814815
0 0.014563106796116505 0.5535185185185185 0.015048543689320388 0.5575925925925926
0 0.005409153952843273 0.5637962962962964 0.005409153952843273 0.5685185185185185
0 0.07891816920943134 0.6908333333333334 0.07919556171983357 0.6950000000000001
0 0.02552011095700416 0.7944444444444445 0.026005547850208047 0.7992592592592593
0 0.009916782246879335 0.8596296296296296 0.00970873786407767 0.8642592592592593
0 0.025312066574202496 0.8576851851851852 0.024479889042995837 0.8625
0 0.10110957004160889 0.8677777777777779 0.10152565880721222 0.8723148148148149
0 0.13363384188626906 0.7792592592592593 0.13335644937586685 0.7842592592592593
0 0.09514563106796116 0.7316666666666667 0.0949375866851595 0.7366666666666667
0 0.09819694868238557 0.7440740740740741 0.09944521497919556 0.7485185185185185
0 0.09223300970873786 0.6681481481481482 0.09271844660194174 0.6725
0 0.1650485436893204 0.33490740740740743 0.16511789181692094 0.33981481481481485
0 0.1703883495145631 0.3600925925925926 0.16990291262135923 0.36490740740740746
0 0.153120665742025 0.36509259259259264 0.15284327323162275 0.3699074074074074
0 0.16296809986130376 0.3985185185185185 0.16296809986130376 0.4036111111111111
0 0.1664355062413315 0.48194444444444445 0.16588072122052705 0.48675925925925934
0 0.21671289875173372 0.6323148148148148 0.2158113730929265 0.6371296296296297
0 0.27018030513176144 0.8821296296296297 0.27073509015256586 0.8867592592592594
0 0.24625520110957005 0.5202777777777777 0.2463245492371706 0.5248148148148148
0 0.261997226074896 0.5115740740740741 0.26144244105409153 0.5163888888888889
0 0.26386962552011095 0.4192592592592593 0.2638002773925104 0.4237962962962963
0 0.2735783633841886 0.3437962962962963 0.2733009708737864 0.34842592592592597
0 0.25423023578363385 0.2721296296296296 0.2542995839112344 0.2765740740740741
0 0.3106102635228849 0.18564814814814815 0.30963938973647714 0.19037037037037038
0 0.31158113730929266 0.3788888888888889 0.3116504854368932 0.38305555555555554
0 0.30943134535367545 0.38814814814814813 0.30991678224687935 0.39287037037037037
0 0.3115117891816921 0.4380555555555556 0.3112343966712899 0.4423148148148148
0 0.3355755894590846 0.665925925925926 0.33689320388349514 0.669537037037037
0 0.3449375866851595 0.41814814814814816 0.34514563106796114 0.4224074074074074
0 0.3540221914008322 0.4167592592592593 0.3540221914008322 0.4213888888888889
0 0.36067961165048545 0.21194444444444446 0.3597780859916782 0.21638888888888888
0 0.36560332871012485 0.22564814814814815 0.36428571428571427 0.2298148148148148
0 0.37780859916782245 0.1813888888888889 0.37884882108183077 0.18555555555555556
0 0.38432732316227464 0.22305555555555556 0.38425797503467407 0.22796296296296295
0 0.41553398058252433 0.1662962962962963 0.41518723994452156 0.17055555555555554
0 0.4204576976421636 0.1724074074074074 0.42024965325936203 0.17731481481481481
0 0.4307212205270458 0.7932407407407408 0.4304438280166436 0.7975925925925926
0 0.41428571428571426 0.9092592592592593 0.41428571428571426 0.9135185185185186
0 0.4821775312066574 0.875 0.4823855755894591 0.879537037037037
0 0.44764216366158116 0.8537962962962964 0.44750346740638003 0.8588888888888889
0 0.4569348127600555 0.7087962962962964 0.45672676837725384 0.7137962962962963
0 0.49521497919556173 0.5764814814814815 0.4944521497919556 0.5802777777777779
0 0.45977808599167824 0.3647222222222222 0.460124826629681 0.36916666666666664
0 0.4505547850208045 0.2487962962962963 0.4502080443828017 0.25333333333333335
0 0.4601941747572816 0.18833333333333335 0.4598474341192788 0.1923148148148148
0 0.521497919556172 0.6430555555555556 0.5212205270457698 0.6472222222222223
0 0.5067267683772538 0.7081481481481481 0.5066574202496533 0.7128703703703704
0 0.5199029126213592 0.7062037037037038 0.5203190013869625 0.7110185185185185
0 0.5380721220527046 0.7964814814814816 0.5382108183079057 0.8012962962962963
0 0.5478502080443828 0.716851851851852 0.549375866851595 0.7210185185185186
0 0.5475728155339806 0.6321296296296297 0.546740638002774 0.6366666666666667
0 0.5563106796116505 0.4481481481481482 0.5572122052704577 0.4522222222222222
0 0.571497919556172 0.39101851851851854 0.570873786407767 0.3957407407407407
0 0.5596393897364771 0.3258333333333333 0.5590152565880722 0.3309259259259259
0 0.6380027739251041 0.17657407407407408 0.6372399445214979 0.1813888888888889
0 0.5901525658807212 0.37833333333333335 0.591123439667129 0.38342592592592595
0 0.6273231622746186 0.37212962962962964 0.6282246879334258 0.3762037037037037
0 0.6052704576976421 0.4237962962962963 0.6060332871012483 0.4287037037037037
0 0.6325936199722608 0.4822222222222222 0.6327323162274618 0.4871296296296297
0 0.5919556171983357 0.5728703703703705 0.5914701803051318 0.5770370370370371
0 0.5926490984743412 0.6016666666666667 0.5927877947295422 0.6066666666666667
0 0.6055478502080445 0.5992592592592593 0.6056171983356449 0.6040740740740741
0 0.6238557558945909 0.6042592592592593 0.6236477115117892 0.6089814814814816
0 0.6166435506241332 0.6118518518518519 0.6166435506241332 0.616388888888889
0 0.6365464632454924 0.642962962962963 0.6370319001386963 0.6475
0 0.6515256588072122 0.9091666666666667 0.6527739251040222 0.9132407407407407
0 0.6534674063800278 0.8300925925925926 0.6542995839112344 0.8345370370370371
0 0.6422330097087379 0.5665740740740741 0.6420249653259362 0.5712962962962963
0 0.6606796116504855 0.4865740740740741 0.6596393897364772 0.4908333333333334
0 0.6595700416088766 0.3513888888888889 0.6590152565880721 0.35574074074074075
0 0.6459778085991679 0.2898148148148148 0.6460471567267684 0.2948148148148148
0 0.7003467406380027 0.09972222222222223 0.7014563106796117 0.10370370370370371
0 0.7063106796116505 0.34361111111111114 0.705617198335645 0.34870370370370374
0 0.7131067961165048 0.4167592592592593 0.7131761442441055 0.42185185185185187
0 0.6901525658807213 0.4967592592592593 0.690499306518724 0.5014814814814815
0 0.7111650485436893 0.5030555555555555 0.7113037447988905 0.5080555555555556
0 0.6773231622746186 0.5536111111111112 0.6769070735090152 0.5581481481481482
0 0.6738557558945909 0.5833333333333334 0.6738557558945909 0.5875
0 0.6841886269070735 0.5900925925925926 0.684119278779473 0.5950000000000001
0 0.6986130374479889 0.6718518518518519 0.6977115117891817 0.6759259259259259
0 0.7123439667128988 0.7035185185185185 0.7124826629680999 0.7080555555555557
0 0.7477808599167822 0.8216666666666667 0.7473647711511789 0.8264814814814815
0 0.732246879334258 0.668425925925926 0.7317614424410541 0.6736111111111112
0 0.7367545076282941 0.3723148148148149 0.7366851595006935 0.37694444444444447
0 0.7426490984743412 0.36861111111111117 0.7424410540915395 0.3726851851851852
0 0.7574202496532594 0.35351851851851857 0.757004160887656 0.357962962962963
0 0.7641470180305132 0.3570370370370371 0.7642163661581137 0.36120370370370375
0 0.7895284327323162 0.36268518518518517 0.790638002773925 0.3673148148148148
0 0.8004160887656033 0.4607407407407408 0.8003467406380027 0.4652777777777778
0 0.7839112343966713 0.5033333333333334 0.7846047156726769 0.5074074074074074
0 0.7875866851595007 0.5998148148148148 0.7874479889042996 0.6039814814814815
0 0.8074202496532593 0.6782407407407408 0.8071428571428573 0.682962962962963
0 0.79375866851595 0.7490740740740741 0.7938973647711511 0.7538888888888889
0 0.8263522884882107 0.7303703703703703 0.8276699029126213 0.7351851851851852
0 0.8174757281553398 0.758888888888889 0.8171983356449377 0.7632407407407408
0 0.8299583911234396 0.6934259259259259 0.8300277392510403 0.6983333333333334
0 0.8260748959778087 0.6837962962962963 0.8260748959778087 0.688425925925926
0 0.834743411927878 0.6078703703703704 0.8342579750346741 0.6121296296296297
0 0.8174757281553398 0.5947222222222222 0.8176144244105409 0.5993518518518518
0 0.85499306518724 0.5707407407407408 0.8540915395284326 0.5752777777777778
0 0.8432038834951457 0.46370370370370373 0.8430651872399446 0.4684259259259259
0 0.832385575589459 0.3762037037037037 0.8322468793342579 0.38083333333333336
0 0.8169902912621358 0.2312962962962963 0.8167822468793342 0.2363888888888889
0 0.8284327323162274 0.17055555555555554 0.8284327323162274 0.17555555555555555
0 0.8821775312066574 0.18342592592592594 0.8830790568654647 0.1875
0 0.9198335644937587 0.23611111111111113 0.919486823855756 0.24129629629629631
0 0.8679611650485436 0.4215740740740741 0.8674063800277393 0.4261111111111111
0 0.8893203883495147 0.43092592592592593 0.8891816920943135 0.43500000000000005
0 0.9078363384188627 0.44009259259259265 0.9078363384188627 0.4436111111111111
0 0.9101941747572816 0.4469444444444445 0.910748959778086 0.45101851851851854
0 0.8720527045769765 0.5430555555555556 0.8715672676837726 0.5471296296296296
0 0.8787794729542303 0.6250925925925926 0.8790568654646325 0.6289814814814815
0 0.923370319001387 0.7913888888888889 0.9231622746185854 0.7955555555555557
0 0.95249653259362 0.8320370370370371 0.9515950069348128 0.8369444444444445
0 0.95249653259362 0.7449074074074075 0.9524271844660195 0.7490740740740741
0 0.9500000000000001 0.5003703703703704 0.94875173370319 0.5047222222222223
0 0.926490984743412 0.4927777777777778 0.9273925104022192 0.4973148148148149
0 0.936754507628294 0.46805555555555556 0.9363384188626908 0.4727777777777778
0 0.9545769764216366 0.29055555555555557 0.9540221914008322 0.29583333333333334
0 0.9599167822468794 0.19888888888888892 0.9585298196948683 0.20351851851851854
0 0.9941054091539528 0.12953703703703703 0.9938280166435506 0.13416666666666668
0 0.9932732316227462 0.15185185185185185 0.9935506241331484 0.15685185185185185
