0 0.025797503467406384 0.10925925925925926 0.027739251040221916 0.11379629629629631
0 0.08051317614424411 0.18083333333333335 0.0819001386962552 0.1852777777777778
0 0.069625520110957 0.34750000000000003 0.07018030513176145 0.3521296296296297
0 0.08626907073509016 0.654351851851852 0.08557558945908461 0.6596296296296297
0 0.04271844660194175 0.7574074074074074 0.043550624133148405 0.7623148148148148
0 0.04403606102635229 0.7737037037037038 0.044382801664355064 0.7785185185185185
0 0.10471567267683773 0.8398148148148148 0.10450762829403605 0.8447222222222223
0 0.13016643550624132 0.542962962962963 0.12981969486823855 0.5478703703703705
0 0.15561719833564494 0.5331481481481481 0.15540915395284327 0.5380555555555556
0 0.12156726768377255 0.4291666666666667 0.12246879334257975 0.4340740740740741
0 0.17968099861303746 0.1912037037037037 0.18002773925104024 0.19685185185185186
0 0.19334257975034674 0.1801851851851852 0.19375866851595006 0.18601851851851853
0 0.1819001386962552 0.2351851851851852 0.18280166435506243 0.24027777777777778
0 0.17350901525658807 0.9019444444444445 0.1746879334257975 0.9067592592592593
0 0.22468793342579751 0.7141666666666666 0.22552011095700417 0.7195370370370371
0 0.25346740638002774 0.47250000000000003 0.2538834951456311 0.4777777777777778
0 0.2504854368932039 0.4562037037037037 0.250624133148405 0.4616666666666667
0 0.2558252427184466 0.4137962962962963 0.2570735090152566 0.41861111111111116
0 0.22031900138696256 0.23240740740740742 0.22205270457697643 0.23611111111111113
0 0.22545076282940363 0.22712962962962965 0.22649098474341195 0.23148148148148148
0 0.3023578363384189 0.45111111111111113 0.3033980582524272 0.45583333333333337
0 0.3133841886269071 0.5575 0.3147018030513176 0.5622222222222223
0 0.3373092926490985 0.5509259259259259 0.3377947295423024 0.5558333333333333
0 0.280374479889043 0.6890740740740742 0.28092926490984743 0.6944444444444444
0 0.3176837725381415 0.8488888888888889 0.3183079056865465 0.8541666666666667
0 0.3112343966712899 0.8787962962962963 0.31234396671289877 0.8831481481481481
0 0.35797503467406383 0.6301851851851852 0.3592233009708738 0.6346296296296297
0 0.3976421636615811 0.43925925925925924 0.39875173370319 0.4437037037037037
0 0.3971567267683773 0.39740740740740743 0.39916782246879334 0.40185185185185185
0 0.39639389736477115 0.1716666666666667 0.39757281553398055 0.17685185185185187
0 0.46282940360610264 0.22138888888888889 0.46421636615811374 0.22574074074074077
0 0.4556865464632455 0.3325925925925926 0.4555478502080444 0.33731481481481485
0 0.45457697642163664 0.5939814814814816 0.4549237170596394 0.5986111111111111
0 0.5230235783633842 0.7392592592592593 0.5240638002773925 0.7444444444444445
0 0.5577669902912621 0.7337037037037037 0.5576976421636616 0.7384259259259259
0 0.5342579750346741 0.5171296296296296 0.5339805825242718 0.5223148148148149
0 0.5548543689320389 0.5085185185185186 0.5553398058252427 0.5141666666666667
0 0.5576976421636616 0.4624074074074074 0.5583217753120666 0.4675925925925926
0 0.5316920943134535 0.45518518518518525 0.5319001386962552 0.46055555555555555
0 0.6434119278779473 0.9236111111111112 0.644244105409154 0.928888888888889
0 0.6458391123439667 0.40324074074074073 0.6459778085991679 0.40861111111111115
0 0.6656033287101248 0.16111111111111112 0.6663661581137309 0.16574074074074074
0 0.7523578363384189 0.36388888888888893 0.7540221914008322 0.36861111111111117
0 0.6843273231622746 0.5484259259259259 0.6857142857142857 0.552962962962963
0 0.6944521497919556 0.6943518518518519 0.694868238557559 0.6989814814814815
0 0.7518030513176144 0.8074074074074075 0.7519417475728155 0.8122222222222223
0 0.7197642163661582 0.9049074074074074 0.7204576976421637 0.9098148148148149
0 0.7812335989228997 0.7964177598385469 0.7814435327097834 0.8012763015285719
0 0.7997777500976192 0.766519041746085 0.799707772168658 0.7712841499420712
0 0.7983082135894339 0.7326961169039877 0.798728081163201 0.7376480920880517
0 0.8667822468793344 0.5857407407407408 0.8678918169209432 0.5914814814814815
0 0.8380721220527046 0.508425925925926 0.8382801664355062 0.513425925925926
0 0.8824549237170597 0.4462037037037037 0.8826629680998613 0.45111111111111113
0 0.7691400832177531 0.31666666666666665 0.7694174757281553 0.32175925925925924
0 0.7781553398058252 0.335 0.7793342579750346 0.33962962962962967
0 0.8143550624133148 0.21287037037037038 0.8143550624133148 0.21833333333333335
0 0.848613037447989 0.708425925925926 0.849375866851595 0.7133333333333334
0 0.916366158113731 0.73 0.916504854368932 0.7349074074074075
0 0.9493065187239945 0.7236111111111111 0.9495145631067962 0.7283333333333334
0 0.9776699029126213 0.7181481481481482 0.9776699029126213 0.7230555555555556
0 0.965880721220527 0.5639814814814815 0.9662274618585298 0.5681481481481482
0 0.9697642163661582 0.5710185185185186 0.9713592233009709 0.5748148148148148
0 0.9678918169209432 0.30888888888888894 0.9674063800277393 0.3133333333333333
0 0.9722607489597781 0.3207407407407407 0.9725381414701804 0.3251851851851852
0 0.9715672676837726 0.17787037037037037 0.9716366158113731 0.18287037037037038
