0 0.037170596393897366 0.9106481481481482 0.03779472954230236 0.9160185185185186
0 0.02871012482662968 0.8985185185185185 0.030305131761442443 0.9032407407407408
0 0.07045769764216366 0.8698148148148148 0.0716366158113731 0.8753703703703704
0 0.08959778085991678 0.6592592592592593 0.08959778085991678 0.6644444444444445
0 0.26712898751733705 0.7953703703703704 0.2670596393897365 0.8005555555555556
0 0.332246879334258 0.7356481481481482 0.3336338418862691 0.7400925925925925
0 0.3110957004160888 0.06611111111111112 0.3122746185852982 0.07037037037037037
0 0.3586685159500694 0.05824074074074074 0.35929264909847436 0.06296296296296297
0 0.39195561719833566 0.5372222222222223 0.3929264909847434 0.5417592592592593
0 0.6226768377253814 0.9337037037037037 0.6239251040221915 0.9383333333333334
0 0.6215672676837726 0.9208333333333334 0.6209431345353675 0.9260185185185186
0 0.7124826629680999 0.6736111111111112 0.7131761442441055 0.6781481481481482
0 0.8952149791955618 0.28185185185185185 0.8964632454923718 0.28620370370370374
0 0.9680998613037448 0.15629629629629632 0.968238557558946 0.16064814814814815
