0 0.1817614424410541 0.33305555555555555 0.18224687933425798 0.3375925925925926
0 0.1878640776699029 0.33611111111111114 0.18723994452149792 0.34074074074074073
0 0.2638002773925104 0.09148148148148148 0.26310679611650484 0.09648148148148149
0 0.2667128987517337 0.22722222222222224 0.26712898751733705 0.2325925925925926
0 0.2997226074895978 0.48166666666666674 0.299375866851595 0.4866666666666667
0 0.34119278779472956 0.4860185185185185 0.3410540915395284 0.49185185185185193
0 0.32940360610263525 0.43833333333333335 0.32919556171983355 0.4430555555555556
0 0.3845353675450763 0.4071296296296296 0.38425797503467407 0.41203703703703703
0 0.43176144244105413 0.310462962962963 0.43065187239944525 0.31527777777777777
0 0.4945214979195562 0.5606481481481481 0.4930651872399445 0.5656481481481481
0 0.8993065187239945 0.6152777777777778 0.8993065187239945 0.62
