0 0.00027739251040221914 0.24203703703703702 0.00013869625520110957 0.24629629629629632
0 0.021289875173370318 0.2376851851851852 0.020873786407766992 0.24268518518518523
0 0.031137309292649098 0.27120370370370367 0.031622746185852986 0.2752777777777778
0 0.012690707350901527 0.7190740740740741 0.012135922330097087 0.7237962962962964
0 0.14764216366158114 0.47518518518518527 0.14722607489597783 0.48
0 0.14667128987517336 0.7574074074074074 0.14722607489597783 0.7620370370370371
0 0.15305131761442442 0.7625925925925926 0.1532593619972261 0.7670370370370371
0 0.12662968099861305 0.828425925925926 0.12690707350901526 0.8331481481481482
0 0.129126213592233 0.8437037037037037 0.12981969486823855 0.8481481481481482
0 0.2090846047156727 0.3187962962962963 0.2088072122052705 0.3231481481481482
0 0.17662968099861304 0.23148148148148148 0.1764216366158114 0.23527777777777778
0 0.22649098474341195 0.18453703703703705 0.22794729542302358 0.18851851851851853
0 0.2504854368932039 0.2806481481481482 0.24930651872399445 0.2847222222222222
0 0.24951456310679612 0.6088888888888889 0.24909847434119278 0.6135185185185186
0 0.25776699029126215 0.7237037037037037 0.25866851595006934 0.7278703703703704
0 0.2980582524271845 0.6446296296296297 0.29764216366158114 0.6490740740740741
0 0.2788488210818308 0.5756481481481482 0.27926490984743413 0.5802777777777779
0 0.2921636615811373 0.542962962962963 0.29320388349514565 0.5477777777777778
0 0.28932038834951457 0.4897222222222222 0.28938973647711513 0.49416666666666675
0 0.29750346740638006 0.33712962962962967 0.29750346740638006 0.34240740740740744
0 0.3784327323162275 0.16425925925925927 0.37905686546463246 0.16925925925925928
0 0.34944521497919556 0.28250000000000003 0.3484743411927878 0.28703703703703703
0 0.3457004160887656 0.370462962962963 0.3449375866851595 0.3749074074074074
0 0.3444521497919556 0.5450925925925927 0.3441747572815534 0.5501851851851852
0 0.3443828016643551 0.692037037037037 0.3443134535367545 0.6968518518518519
0 0.3930651872399445 0.8807407407407408 0.39223300970873787 0.8861111111111112
0 0.42517337031900143 0.7662037037037037 0.42572815533980585 0.770925925925926
0 0.4178224687933426 0.7480555555555556 0.41948682385575586 0.7524074074074074
0 0.4054091539528433 0.5571296296296296 0.4059639389736477 0.5626851851851853
0 0.40936199722607486 0.5221296296296296 0.40859916782246886 0.5272222222222223
0 0.4857142857142857 0.26407407407407407 0.4851595006934813 0.2688888888888889
0 0.45783633841886273 0.835462962962963 0.4581830790568655 0.8405555555555555
0 0.4651872399445215 0.8327777777777778 0.4662968099861304 0.8374074074074074
0 0.5075589459084605 0.8062037037037038 0.5069348127600555 0.8102777777777779
0 0.5223300970873787 0.7203703703703704 0.5223994452149792 0.725
0 0.5917475728155339 0.3085185185185185 0.5921636615811373 0.3130555555555556
0 0.5522884882108183 0.40472222222222226 0.5521497919556172 0.4095370370370371
0 0.5586685159500694 0.42509259259259263 0.5581137309292649 0.4297222222222223
0 0.5502773925104022 0.7827777777777778 0.5506934812760056 0.7872222222222223
0 0.5268377253814147 0.8271296296296297 0.5269764216366158 0.8312037037037038
0 0.5240638002773925 0.8358333333333334 0.5257975034674064 0.8400925925925926
0 0.5755201109570042 0.8452777777777778 0.5757281553398059 0.8498148148148148
0 0.6319001386962553 0.9175925925925926 0.6325242718446602 0.9223148148148149
0 0.632871012482663 0.8725925925925926 0.6329403606102636 0.8766666666666667
0 0.6158807212205271 0.8430555555555556 0.6160887656033287 0.8474074074074075
0 0.627115117891817 0.6832407407407407 0.6282246879334258 0.6876851851851853
0 0.6592233009708738 0.5183333333333333 0.6590152565880721 0.5237037037037038
0 0.6427877947295423 0.20083333333333334 0.6425104022191401 0.2051851851851852
0 0.6541608876560333 0.2076851851851852 0.6545769764216366 0.21194444444444446
0 0.6717753120665743 0.22444444444444445 0.6720527045769764 0.22962962962962963
0 0.713869625520111 0.7792592592592593 0.7133841886269071 0.7837037037037037
0 0.7142857142857143 0.8205555555555556 0.7145631067961166 0.8249074074074074
0 0.6859223300970874 0.9219444444444446 0.6857836338418862 0.9268518518518519
0 0.7673370319001387 0.7965740740740741 0.7675450762829403 0.8014814814814816
0 0.7377253814147018 0.40212962962962967 0.7379334257975034 0.4070370370370371
0 0.8271844660194174 0.4562962962962963 0.8275312066574202 0.46092592592592596
0 0.8325242718446603 0.4975925925925926 0.8323162274618586 0.5020370370370371
0 0.8117891816920942 0.5076851851851851 0.8117198335644937 0.5125925925925926
0 0.7814147018030513 0.7477777777777779 0.7812760055478501 0.7525925925925926
0 0.8151872399445215 0.7805555555555556 0.815256588072122 0.7858333333333334
0 0.8497919556171984 0.8070370370370371 0.8506241331484049 0.8115740740740741
0 0.8662968099861305 0.7539814814814815 0.8667822468793344 0.759074074074074
0 0.8511095700416089 0.6706481481481481 0.8511789181692095 0.6759259259259259
0 0.8442441054091541 0.6580555555555556 0.8443134535367546 0.6626851851851853
0 0.873994452149792 0.6306481481481482 0.8739251040221915 0.6351851851851852
0 0.8564493758668517 0.24120370370370373 0.8567267683772539 0.2463888888888889
0 0.8971567267683773 0.3647222222222222 0.8971567267683773 0.3698148148148148
0 0.9613037447988905 0.6993518518518519 0.9608876560332871 0.7042592592592594
0 0.9756588072122053 0.7326851851851852 0.9755201109570042 0.737037037037037
0 0.987378640776699 0.7192592592592593 0.9873092926490985 0.7246296296296296
0 0.9984743411927878 0.655 0.9985436893203884 0.6594444444444445
0 0.9861997226074896 0.6625 0.985506241331484 0.6673148148148149
0 0.9868238557558946 0.6398148148148148 0.9865464632454923 0.6439814814814815
0 0.985506241331484 0.6480555555555556 0.9852981969486824 0.6519444444444444
0 0.9769070735090153 0.1965740740740741 0.9769070735090153 0.20064814814814816
0 0.9647018030513176 0.18361111111111114 0.9643550624133148 0.18805555555555556
