0 0.028848821081830792 0.2287962962962963 0.02954230235783634 0.23314814814814816
0 0.034188626907073506 0.22444444444444445 0.035991678224687934 0.2276851851851852
0 0.06192787794729542 0.4703703703703704 0.061511789181692096 0.4748148148148148
0 0.08307905686546463 0.4663888888888889 0.08300970873786408 0.4706481481481482
0 0.045284327323162274 0.5146296296296297 0.04576976421636616 0.5197222222222222
0 0.00041608876560332873 0.7616666666666667 0.0020804438280166435 0.7653703703703704
0 0.016920943134535366 0.7348148148148148 0.017545076282940362 0.7392592592592593
0 0.03307905686546463 0.7123148148148148 0.03398058252427184 0.717037037037037
0 0.0877253814147018 0.7631481481481482 0.08751733703190014 0.7673148148148149
0 0.0889736477115118 0.6872222222222223 0.0891123439667129 0.6919444444444445
0 0.08495145631067962 0.7921296296296296 0.08564493758668516 0.7965740740740741
0 0.1038141470180305 0.8473148148148149 0.10319001386962554 0.8520370370370371
0 0.09535367545076283 0.8775000000000001 0.09535367545076283 0.8821296296296297
0 0.10728155339805824 0.8825000000000001 0.10714285714285715 0.8874074074074074
0 0.16719833564493758 0.6276851851851852 0.16726768377253814 0.6329629629629631
0 0.12212205270457697 0.5560185185185186 0.12205270457697642 0.5614814814814815
0 0.14660194174757282 0.5487037037037037 0.1457004160887656 0.5536111111111112
0 0.11185852981969488 0.44851851851851854 0.11144244105409154 0.45342592592592595
0 0.20547850208044385 0.1685185185185185 0.20589459084604714 0.1736111111111111
0 0.1900138696255201 0.3888888888888889 0.18994452149791954 0.39435185185185184
0 0.20693481276005546 0.39416666666666667 0.20679611650485435 0.3995370370370371
0 0.20714285714285713 0.43583333333333335 0.20714285714285713 0.44129629629629635
0 0.18883495145631068 0.5975925925925926 0.18938973647711513 0.6024074074074075
0 0.20866851595006933 0.6331481481481481 0.2090846047156727 0.6386111111111111
0 0.2861997226074896 0.6871296296296296 0.28668515950069345 0.6925925925925926
0 0.34119278779472956 0.45351851851851854 0.3414008321775312 0.4596296296296296
0 0.3326629680998613 0.7361111111111112 0.3328016643550624 0.7412962962962963
0 0.3444521497919556 0.7737962962962963 0.34479889042995837 0.7798148148148148
0 0.3730235783633842 0.7560185185185185 0.3726768377253814 0.7615740740740741
0 0.4742024965325936 0.15898148148148147 0.47461858529819695 0.1635185185185185
0 0.4494452149791956 0.4038888888888889 0.44958391123439667 0.4089814814814815
0 0.45561719833564496 0.4007407407407408 0.4570735090152566 0.40435185185185185
0 0.5038834951456311 0.6925 0.5046463245492372 0.6966666666666667
0 0.49687933425797504 0.9193518518518519 0.49680998613037447 0.924537037037037
0 0.5615117891816921 0.8044444444444444 0.5612343966712898 0.809537037037037
0 0.5617891816920944 0.36203703703703705 0.5612343966712898 0.3666666666666667
0 0.5882108183079058 0.33305555555555555 0.5883495145631068 0.3383333333333333
0 0.6081137309292649 0.7302777777777778 0.6076976421636615 0.7350925925925926
0 0.6140083217753121 0.908425925925926 0.6128294036061027 0.9141666666666667
0 0.7121359223300971 0.7700925925925927 0.7118585298196949 0.7746296296296297
0 0.7083217753120665 0.7323148148148149 0.7083911234396671 0.737037037037037
0 0.6577669902912622 0.7056481481481482 0.658876560332871 0.710925925925926
0 0.7321775312066574 0.6481481481481481 0.7319001386962553 0.6525925925925926
0 0.7593619972260749 0.6816666666666668 0.7606796116504855 0.6862037037037038
0 0.7576976421636615 0.720462962962963 0.7577669902912622 0.7252777777777778
0 0.7236477115117892 0.727962962962963 0.724757281553398 0.7333333333333334
0 0.7581137309292649 0.8635185185185186 0.7592926490984744 0.8681481481481482
0 0.8267683772538142 0.9062962962962963 0.8261442441054091 0.9110185185185186
0 0.8290568654646325 0.7473148148148149 0.8286407766990292 0.7521296296296296
0 0.7861997226074896 0.7149074074074074 0.7860610263522885 0.7200000000000001
0 0.7572815533980582 0.5778703703703704 0.7591539528432732 0.5819444444444445
0 0.7784327323162274 0.5694444444444444 0.7786407766990291 0.5742592592592594
0 0.7744798890429958 0.5613888888888888 0.7753120665742025 0.5661111111111111
0 0.8099167822468795 0.45203703703703707 0.8101941747572815 0.4567592592592593
0 0.8178224687933425 0.4175 0.8185159500693481 0.4224074074074074
0 0.7800277392510402 0.17620370370370372 0.780374479889043 0.1811111111111111
0 0.8631761442441055 0.2536111111111111 0.8631067961165048 0.2587037037037037
0 0.838141470180305 0.4740740740740741 0.8382108183079058 0.478888888888889
0 0.8633841886269071 0.5711111111111111 0.863245492371706 0.5757407407407408
0 0.8557558945908461 0.8425925925925927 0.8561719833564493 0.8471296296296297
0 0.8798890429958391 0.8573148148148149 0.8796809986130375 0.8622222222222223
0 0.980998613037448 0.9578703703703704 0.9819001386962553 0.9625
0 0.9540221914008322 0.8590740740740741 0.9536754507628294 0.8639814814814816
0 0.9499306518723994 0.8404629629629631 0.9506934812760056 0.8460185185185186
0 0.9676144244105409 0.7817592592592593 0.9678224687933425 0.7863888888888889
0 0.9769764216366158 0.7089814814814815 0.977877947295423 0.7137962962962963
0 0.9553398058252427 0.6226851851851852 0.9557558945908461 0.6276851851851852
0 0.9201109570041609 0.5924074074074074 0.9200416088765604 0.5981481481481482
0 0.9470873786407767 0.45685185185185184 0.9472954230235784 0.46231481481481485
