0 0.26310679611650484 0.24537037037037038 0.2634535367545076 0.24972222222222223
0 0.18938973647711513 0.4388888888888889 0.19133148404993064 0.44277777777777777
0 0.19008321775312068 0.44962962962962966 0.19077669902912622 0.45481481481481484
0 0.39833564493758666 0.38416666666666666 0.39861303744798887 0.38851851851851854
0 0.5437586685159501 0.8972222222222223 0.5441747572815534 0.9019444444444445
0 0.49958391123439666 0.7298148148148149 0.5005547850208044 0.7347222222222223
0 0.5071428571428571 0.10277777777777779 0.507628294036061 0.10740740740740741
0 0.6468793342579751 0.5751851851851851 0.6474341192787795 0.5792592592592593
0 0.6540221914008322 0.5787037037037037 0.6556865464632455 0.5825
0 0.6589459084604716 0.5432407407407408 0.6611650485436893 0.5467592592592593
0 0.5973647711511789 0.7615740740740741 0.5974341192787795 0.7662962962962964
0 0.8018030513176144 0.2112962962962963 0.8030513176144244 0.21555555555555558
0 0.7108876560332871 0.11185185185185186 0.7110263522884882 0.11583333333333333
