0 0.02871012482662968 0.2676851851851852 0.028918169209431348 0.27194444444444443
0 0.04216366158113731 0.4191666666666667 0.042510402219140084 0.4241666666666667
0 0.0897364771151179 0.45157407407407407 0.08966712898751734 0.4564814814814815
0 0.08092926490984743 0.7351851851851852 0.08092926490984743 0.7402777777777778
0 0.018654646324549235 0.8150925925925926 0.019764216366158115 0.8195370370370371
0 0.13564493758668517 0.17555555555555555 0.13626907073509015 0.1801851851851852
0 0.19854368932038835 0.0887037037037037 0.19882108183079056 0.0936111111111111
0 0.17572815533980585 0.1678703703703704 0.1762135922330097 0.17305555555555557
0 0.14840499306518726 0.22277777777777777 0.1489597780859917 0.2275
0 0.2052011095700416 0.39962962962962967 0.20554785020804436 0.40453703703703703
0 0.15443828016643552 0.4242592592592593 0.15561719833564494 0.4289814814814815
0 0.20693481276005546 0.5886111111111112 0.2084604715672677 0.5929629629629629
0 0.2171983356449376 0.8476851851851852 0.21754507628294037 0.8525
0 0.2576976421636616 0.7696296296296297 0.25804438280166436 0.7744444444444445
0 0.2650485436893204 0.7633333333333333 0.26546463245492374 0.767962962962963
0 0.2527045769764216 0.6906481481481481 0.25332871012482666 0.6952777777777778
0 0.2296116504854369 0.1577777777777778 0.2299583911234397 0.16231481481481483
0 0.3364077669902913 0.3309259259259259 0.33828016643550624 0.33490740740740743
0 0.30520110957004165 0.43712962962962965 0.30561719833564494 0.44212962962962965
0 0.3361997226074896 0.8026851851851852 0.3364771151178918 0.8073148148148148
0 0.3567961165048544 0.7282407407407407 0.35714285714285715 0.7334259259259259
0 0.4067267683772538 0.7033333333333334 0.4072815533980582 0.7082407407407407
0 0.3754507628294036 0.5864814814814815 0.3760748959778086 0.591574074074074
0 0.3547850208044383 0.3602777777777778 0.3555478502080444 0.36462962962962964
0 0.4205270457697642 0.4056481481481482 0.4205963938973648 0.4101851851851852
0 0.44105409153952846 0.3477777777777778 0.4420943134535368 0.3522222222222222
0 0.44826629680998614 0.45092592592592595 0.44847434119278784 0.4563888888888889
0 0.44715672676837726 0.5104629629629629 0.4480582524271845 0.5160185185185185
0 0.47461858529819695 0.7251851851851853 0.47434119278779474 0.73
0 0.5063800277392511 0.7188888888888889 0.5074895977808599 0.7239814814814814
0 0.5231622746185853 0.559537037037037 0.5242024965325937 0.5637962962962964
0 0.5275312066574203 0.5675 0.5287794729542302 0.5716666666666667
0 0.4861997226074896 0.327037037037037 0.48675450762829403 0.33185185185185184
0 0.4977115117891817 0.1875 0.4994452149791956 0.19175925925925927
0 0.5295423023578364 0.17472222222222222 0.5296809986130374 0.17990740740740743
0 0.5665742024965326 0.41555555555555557 0.5667128987517337 0.4203703703703704
0 0.5348127600554785 0.7133333333333334 0.5356449375866852 0.7178703703703704
0 0.5783633841886269 0.7475925925925926 0.5791955617198337 0.7517592592592592
0 0.6588072122052705 0.8521296296296296 0.6588072122052705 0.8567592592592592
0 0.6671983356449376 0.5686111111111112 0.6674063800277392 0.5733333333333334
0 0.6656033287101248 0.4468518518518519 0.666504854368932 0.4512962962962963
0 0.6127600554785021 0.2523148148148148 0.613245492371706 0.2575
0 0.6189320388349515 0.21777777777777776 0.6196255201109571 0.22259259259259262
0 0.6938973647711512 0.43907407407407406 0.6941054091539528 0.44416666666666665
0 0.694868238557559 0.45546296296296296 0.6960471567267684 0.46064814814814814
0 0.7252427184466019 0.7053703703703703 0.7254507628294036 0.7112037037037038
0 0.9121359223300971 0.3533333333333334 0.9113037447988904 0.35824074074074075
0 0.8838418862690708 0.5057407407407408 0.8844660194174758 0.5101851851851852
0 0.8864077669902913 0.7095370370370371 0.8874479889042997 0.7138888888888889
0 0.8880027739251041 0.8847222222222223 0.8880027739251041 0.8892592592592593
0 0.9164355062413315 0.9146296296296296 0.916504854368932 0.9194444444444445
0 0.9730929264909848 0.8822222222222222 0.9736477115117892 0.8869444444444444
0 0.9596393897364771 0.5089814814814816 0.9602635228848821 0.5133333333333333
0 0.967128987517337 0.4975 0.9681692094313453 0.5024074074074074
0 0.9356449375866852 0.38851851851851854 0.9361303744798891 0.3937962962962963
0 0.9917475728155339 0.3736111111111111 0.9920249653259362 0.37796296296296295
0 0.7688626907073509 0.7307407407407408 0.7690707350901526 0.7360185185185185
0 0.7990291262135922 0.7201851851851852 0.7995145631067962 0.725462962962963
0 0.8113337519419789 0.5910888641700656 0.812799396463014 0.5960326288468669
0 0.7533980582524272 0.4783333333333334 0.7552704576976421 0.48259259259259263
0 0.7754507628294036 0.4969444444444445 0.7767683772538141 0.5018518518518519
0 0.7859223300970873 0.505462962962963 0.7864077669902912 0.5112037037037037
0 0.7734396671289875 0.41601851851851857 0.7747572815533981 0.42064814814814816
0 0.7825936199722607 0.4247222222222222 0.7829403606102635 0.42990740740740746
0 0.789112343966713 0.2809259259259259 0.7890429958391123 0.28592592592592597
0 0.7873786407766991 0.20731481481481484 0.7884882108183079 0.21268518518518517
