0 0.07961165048543689 0.24675925925925926 0.08065187239944521 0.25212962962962965
0 0.02649098474341193 0.3065740740740741 0.025589459084604714 0.31138888888888894
0 0.009292649098474342 0.6181481481481482 0.010124826629680998 0.6231481481481481
0 0.12954230235783634 0.9346296296296297 0.12940360610263524 0.9387962962962964
0 0.12919556171983357 0.9259259259259259 0.12988904299583912 0.9300925925925926
0 0.09965325936199722 0.7266666666666667 0.09951456310679611 0.7313888888888889
0 0.1687239944521498 0.32472222222222225 0.16907073509015258 0.32981481481481484
0 0.16699029126213594 0.6703703703703704 0.1667128987517337 0.6753703703703704
0 0.19687933425797502 0.7916666666666667 0.19639389736477114 0.7961111111111111
0 0.22489597780859918 0.7334259259259259 0.22475728155339808 0.7378703703703704
0 0.2771844660194175 0.20981481481481482 0.2764216366158114 0.21407407407407408
0 0.24840499306518724 0.8416666666666667 0.24750346740638002 0.8460185185185186
0 0.3243411927877947 0.5504629629629629 0.32385575589459087 0.5552777777777779
0 0.309500693481276 0.15453703703703706 0.3097780859916782 0.15962962962962965
0 0.36615811373092927 0.23703703703703705 0.3649098474341193 0.2411111111111111
0 0.3781553398058252 0.8821296296296297 0.3779472954230236 0.8869444444444444
0 0.40055478502080444 0.8915740740740741 0.4006934812760055 0.8967592592592593
0 0.43834951456310683 0.6201851851851852 0.4380721220527046 0.6247222222222223
0 0.39694868238557557 0.20305555555555557 0.3955617198335645 0.20666666666666667
0 0.4313453536754508 0.1300925925925926 0.430998613037448 0.13527777777777777
0 0.4835644937586685 0.21935185185185185 0.4832871012482663 0.2237962962962963
0 0.4536061026352289 0.24064814814814814 0.4540221914008322 0.245462962962963
0 0.4511095700416089 0.24953703703703706 0.45117891816920946 0.2542592592592593
0 0.4464632454923717 0.28694444444444445 0.4459084604715673 0.29203703703703704
0 0.4883495145631068 0.3269444444444445 0.48751733703190014 0.3313888888888889
0 0.49348127600554786 0.44601851851851854 0.49167822468793343 0.4507407407407408
0 0.45929264909847434 0.6058333333333333 0.45915395284327326 0.6100925925925926
0 0.48418862690707354 0.612037037037037 0.48418862690707354 0.617037037037037
0 0.48904299583911237 0.8112962962962964 0.4886962552011096 0.8158333333333334
0 0.49500693481276004 0.7518518518518519 0.49459084604715675 0.7557407407407408
0 0.49764216366158115 0.7412037037037037 0.4977115117891817 0.745925925925926
0 0.5121359223300971 0.7152777777777778 0.5116504854368932 0.7203703703703704
0 0.5131761442441054 0.6325925925925927 0.5128294036061026 0.6378703703703704
0 0.4984743411927878 0.6146296296296296 0.5001386962552011 0.6191666666666668
0 0.49840499306518726 0.31175925925925924 0.49715672676837724 0.31601851851851853
0 0.5008321775312067 0.3211111111111111 0.5004160887656034 0.32537037037037037
0 0.527253814147018 0.8708333333333333 0.5270457697642164 0.8757407407407407
0 0.6074202496532594 0.6961111111111111 0.606380027739251 0.7000000000000001
0 0.6237170596393897 0.5102777777777778 0.622746185852982 0.5147222222222222
0 0.7289181692094313 0.6817592592592593 0.7289875173370319 0.6864814814814815
0 0.7422330097087378 0.6825 0.7421636615811373 0.6872222222222223
0 0.7492371705963939 0.8551851851851853 0.7490291262135922 0.8598148148148149
0 0.7862690707350901 0.9612962962962964 0.7857142857142857 0.965925925925926
0 0.7742024965325937 0.1862962962962963 0.7739251040221914 0.19092592592592592
0 0.8071428571428573 0.18500000000000003 0.8069348127600554 0.18935185185185185
0 0.8176837725381414 0.5762037037037037 0.8175450762829405 0.5812037037037038
0 0.8270457697642163 0.8780555555555556 0.8268377253814146 0.8831481481481481
0 0.8858529819694869 0.730462962962963 0.885367545076283 0.7353703703703705
0 0.8420249653259363 0.6469444444444445 0.8414701803051319 0.6514814814814816
0 0.9292649098474342 0.19398148148148148 0.929126213592233 0.19814814814814816
0 0.9179611650485437 0.5457407407407407 0.9180305131761443 0.5502777777777778
0 0.9693481276005548 0.1375 0.9692094313453536 0.14175925925925925
