0 0.05748959778085992 0.22814814814814816 0.05714285714285715 0.2325925925925926
0 0.05520110957004161 0.24055555555555558 0.05651872399445215 0.24509259259259258
0 0.11740638002773926 0.5850925925925926 0.11747572815533981 0.5901851851851851
0 0.10970873786407767 0.5973148148148149 0.11067961165048544 0.6020370370370371
0 0.0986130374479889 0.49796296296296294 0.10270457697642163 0.5001851851851853
0 0.19077669902912622 0.7666666666666667 0.1926490984743412 0.7708333333333334
0 0.33356449375866853 0.05777777777777778 0.3339112343966713 0.06277777777777778
0 0.3875866851595007 0.5878703703703704 0.3877947295423024 0.5927777777777778
0 0.4416088765603329 0.5835185185185185 0.4416088765603329 0.5885185185185186
0 0.4394590846047157 0.13064814814814815 0.4395977808599168 0.13518518518518519
0 0.45090152565880726 0.25037037037037035 0.45152565880721224 0.2548148148148148
0 0.5388349514563107 0.6787962962962963 0.5386962552011095 0.6833333333333333
0 0.4958391123439667 0.34592592592592597 0.49604715672676836 0.35101851851851856
0 0.5122052704576977 0.3485185185185185 0.5117891816920943 0.35370370370370374
0 0.534882108183079 0.12092592592592592 0.5349514563106796 0.12546296296296297
0 0.5717753120665742 0.3427777777777778 0.5720527045769764 0.3474074074074074
0 0.5875173370319002 0.5675 0.5877253814147018 0.5724074074074075
0 0.6193481276005548 0.8480555555555556 0.6194174757281554 0.8527777777777779
0 0.6372399445214979 0.52 0.6364771151178918 0.5249074074074074
0 0.6124133148404993 0.08055555555555556 0.6155339805825243 0.08407407407407408
0 0.7140776699029127 0.4289814814814815 0.7154646324549238 0.43342592592592594
0 0.8174063800277394 0.659074074074074 0.8174757281553398 0.6645370370370371
0 0.8801664355062414 0.8017592592592593 0.8801664355062414 0.8067592592592593
0 0.9979195561719834 0.6705555555555556 0.9978502080443828 0.6752777777777778
0 0.9810679611650486 0.09240740740740741 0.9818307905686546 0.09722222222222222
0 0.9882108183079057 0.08444444444444445 0.9885575589459085 0.08935185185185185
0 0.9592926490984743 0.20314814814814816 0.9596393897364771 0.20731481481481484
