0 0.0024271844660194177 0.23055555555555557 0.002843273231622746 0.23574074074074075
0 0.00041608876560332873 0.2427777777777778 0.0023578363384188627 0.24685185185185188
0 0.036199722607489604 0.5000925925925926 0.03640776699029126 0.5043518518518519
0 0.05748959778085992 0.5887962962962963 0.05748959778085992 0.5934259259259259
0 0.0535367545076283 0.6015740740740741 0.05325936199722608 0.6068518518518519
0 0.13828016643550625 0.77 0.1378640776699029 0.7743518518518518
0 0.2719833564493759 0.0600925925925926 0.2719140083217753 0.06453703703703705
0 0.3265603328710125 0.5910185185185185 0.3251733703190014 0.5958333333333333
0 0.3803051317614424 0.5852777777777778 0.3803051317614424 0.5903703703703704
0 0.3891123439667129 0.25277777777777777 0.3888349514563107 0.25787037037037036
0 0.3817614424410541 0.13314814814814815 0.38273231622746184 0.13833333333333334
0 0.44077669902912625 0.3500925925925926 0.44056865464632455 0.355
0 0.4515950069348128 0.35407407407407404 0.45152565880721224 0.35898148148148146
0 0.47711511789181693 0.6810185185185186 0.4766990291262136 0.6857407407407408
0 0.5108183079056866 0.34555555555555556 0.5108183079056866 0.34935185185185186
0 0.480374479889043 0.12453703703703704 0.47954230235783635 0.1287962962962963
0 0.55124826629681 0.08277777777777778 0.5511789181692094 0.0875925925925926
0 0.5265603328710124 0.5699074074074074 0.5258668515950069 0.5746296296296297
0 0.5794729542302358 0.5221296296296296 0.579126213592233 0.5262037037037037
0 0.6530513176144245 0.43212962962962964 0.6529819694868239 0.4368518518518519
0 0.7558945908460472 0.6611111111111111 0.7551317614424411 0.6657407407407407
0 0.8293342579750348 0.8058333333333333 0.8282940360610265 0.8099074074074075
0 0.8978502080443829 0.20583333333333334 0.8970180305131762 0.21037037037037037
0 0.919486823855756 0.09537037037037037 0.9194174757281554 0.10046296296296296
0 0.926005547850208 0.08750000000000001 0.926490984743412 0.09268518518518519
0 0.9565187239944521 0.6392592592592593 0.9555478502080444 0.6440740740740741
0 0.9509708737864078 0.6722222222222223 0.9500693481276006 0.6762962962962963
0 0.5577669902912621 0.850462962962963 0.558252427184466 0.8544444444444445
