0 0.006934812760055479 0.39490740740740743 0.0071428571428571435 0.4013888888888889
0 0.09576976421636615 0.7630555555555556 0.09514563106796116 0.7669444444444444
0 0.10069348127600554 0.7751851851851853 0.10117891816920944 0.7797222222222223
0 0.11449375866851595 0.7812962962962963 0.11407766990291263 0.7859259259259259
0 0.12073509015256588 0.23287037037037037 0.12031900138696255 0.2377777777777778
0 0.1527739251040222 0.18842592592592594 0.15249653259361998 0.19333333333333336
0 0.13231622746185853 0.8792592592592593 0.13224687933425797 0.8837962962962963
0 0.2671983356449376 0.6134259259259259 0.2661581137309293 0.6184259259259259
0 0.23994452149791956 0.6853703703703704 0.23952843273231622 0.6904629629629631
0 0.24306518723994452 0.700462962962963 0.24271844660194175 0.7057407407407408
0 0.30929264909847437 0.6090740740740741 0.3086685159500694 0.6139814814814816
0 0.35880721220527045 0.28175925925925926 0.3581137309292649 0.28611111111111115
0 0.3800277392510402 0.650462962962963 0.3798196948682386 0.6554629629629629
0 0.3959778085991678 0.6229629629629629 0.39618585298196946 0.6275000000000001
0 0.41303744798890435 0.3125 0.4128294036061026 0.31722222222222224
0 0.46560332871012483 0.25277777777777777 0.4646324549237171 0.2577777777777778
0 0.48613037447988905 0.730925925925926 0.4859916782246879 0.7358333333333335
0 0.5159500693481276 0.938425925925926 0.5156726768377254 0.942962962962963
0 0.5155339805825243 0.9297222222222222 0.515742024965326 0.9341666666666667
0 0.554368932038835 0.3300925925925926 0.5534674063800278 0.33481481481481484
0 0.5530513176144244 0.6747222222222223 0.5513869625520111 0.6793518518518519
0 0.5824549237170596 0.7956481481481481 0.5821775312066574 0.800462962962963
0 0.6339112343966713 0.8462962962962963 0.6323855755894591 0.8511111111111112
0 0.6104715672676837 0.7382407407407408 0.6092233009708738 0.7440740740740741
0 0.661997226074896 0.21370370370370373 0.661997226074896 0.21805555555555556
0 0.7097087378640776 0.5559259259259259 0.7083911234396671 0.5607407407407408
0 0.7511095700416088 0.24212962962962964 0.7514563106796116 0.24731481481481485
0 0.8165742024965326 0.1337037037037037 0.816366158113731 0.1387962962962963
0 0.7819001386962552 0.20731481481481484 0.780998613037448 0.21222222222222223
0 0.786754507628294 0.8964814814814815 0.7866158113730929 0.9014814814814816
0 0.7642163661581137 0.8875000000000001 0.7637309292649098 0.8923148148148149
0 0.8240638002773925 0.6246296296296296 0.8230929264909849 0.6290740740740741
0 0.8447295423023577 0.610462962962963 0.8442441054091541 0.6153703703703705
0 0.8317614424410542 0.29055555555555557 0.8319694868238559 0.29564814814814816
0 0.8364771151178919 0.25351851851851853 0.8370319001386963 0.25787037037037036
0 0.8396671289875173 0.24509259259259258 0.8395977808599169 0.24953703703703706
0 0.8694174757281554 0.22259259259259262 0.8697642163661582 0.22731481481481483
0 0.874618585298197 0.3312962962962963 0.8741331484049931 0.33564814814814814
0 0.8840499306518724 0.3156481481481481 0.8839112343966713 0.3199074074074074
0 0.8863384188626907 0.3252777777777778 0.8871705963938974 0.329537037037037
0 0.8791955617198336 0.4508333333333333 0.8782246879334259 0.45555555555555555
0 0.8703883495145631 0.616388888888889 0.8694174757281554 0.6206481481481482
0 0.8838418862690708 0.6197222222222222 0.8835644937586685 0.6249074074074074
0 0.8991678224687933 0.6381481481481482 0.899237170596394 0.6427777777777779
0 0.8978502080443829 0.7199074074074074 0.8982662968099862 0.7242592592592594
0 0.8831484049930652 0.7469444444444445 0.8824549237170597 0.7512962962962964
0 0.8812066574202497 0.7577777777777778 0.8806518723994453 0.7627777777777778
0 0.8750346740638003 0.8162037037037038 0.8744105409153954 0.8204629629629631
0 0.9138002773925105 0.8768518518518519 0.9139389736477116 0.8815740740740742
0 0.9945908460471568 0.7019444444444445 0.9932732316227462 0.7065740740740741
