0 0.032385575589459085 0.6542592592592593 0.03259361997226075 0.6582407407407408
0 0.028363384188626908 0.841851851851852 0.02871012482662968 0.845925925925926
0 0.1368238557558946 0.6774074074074075 0.1369625520110957 0.6819444444444445
0 0.1488904299583911 0.6119444444444444 0.1489597780859917 0.6164814814814814
0 0.10610263522884883 0.26462962962962966 0.1063106796116505 0.26851851851851855
0 0.10242718446601941 0.25851851851851854 0.10235783633841886 0.2625925925925926
0 0.1728848821081831 0.16444444444444445 0.17323162274618586 0.16898148148148148
0 0.1687239944521498 0.6174074074074074 0.16844660194174757 0.622037037037037
0 0.17184466019417477 0.7125925925925927 0.17219140083217754 0.7169444444444444
0 0.18072122052704578 0.7325 0.18044382801664355 0.7369444444444444
0 0.19036061026352288 0.745462962962963 0.19029126213592232 0.7501851851851853
0 0.2317614424410541 0.7136111111111112 0.23196948682385576 0.7180555555555556
0 0.2351595006934813 0.5610185185185185 0.23509015256588073 0.5653703703703704
0 0.303120665742025 0.6426851851851852 0.30374479889043 0.6469444444444445
0 0.31373092926490986 0.6772222222222223 0.3136615811373093 0.6817592592592593
0 0.3193481276005548 0.9082407407407408 0.3199029126213592 0.912962962962963
0 0.37503467406380026 0.8874074074074074 0.3756588072122053 0.8921296296296297
0 0.453120665742025 0.5484259259259259 0.45284327323162277 0.5528703703703705
0 0.42711511789181694 0.7240740740740741 0.4278085991678225 0.7285185185185185
0 0.4697642163661581 0.7867592592592594 0.4698335644937587 0.7917592592592593
0 0.4944521497919556 0.20212962962962966 0.4947988904299584 0.20777777777777778
0 0.54251040221914 0.11333333333333334 0.5426490984743412 0.11833333333333333
0 0.5542302357836338 0.7740740740740741 0.5544382801664355 0.7789814814814815
0 0.5541608876560333 0.8642592592592593 0.5536754507628294 0.8694444444444445
0 0.5299583911234397 0.913888888888889 0.530998613037448 0.9190740740740742
0 0.620249653259362 0.842037037037037 0.6204576976421637 0.8469444444444445
0 0.625866851595007 0.8262962962962963 0.6260748959778086 0.8315740740740741
0 0.6237864077669903 0.6681481481481482 0.6237864077669903 0.6731481481481482
0 0.6013869625520112 0.6574074074074074 0.60124826629681 0.6620370370370371
0 0.5698335644937587 0.6483333333333334 0.5700416088765603 0.6529629629629631
0 0.6748959778085992 0.22916666666666669 0.6757975034674064 0.23462962962962963
0 0.7005547850208045 0.23222222222222225 0.7014563106796117 0.23694444444444446
0 0.6365464632454924 0.43250000000000005 0.6380027739251041 0.43722222222222223
0 0.6662274618585299 0.45148148148148154 0.6670596393897364 0.4563888888888889
0 0.6453536754507628 0.5462037037037037 0.645492371705964 0.5512962962962963
0 0.6622746185852982 0.6200925925925926 0.6623439667128987 0.6250925925925926
0 0.688626907073509 0.9047222222222223 0.6889042995839112 0.9093518518518519
0 0.7058252427184466 0.8248148148148148 0.7058252427184466 0.8294444444444444
0 0.7414701803051318 0.7968518518518519 0.7415395284327323 0.8012037037037036
0 0.7077669902912622 0.7658333333333334 0.708113730929265 0.7711111111111111
0 0.7396671289875173 0.7174074074074074 0.7393897364771151 0.7217592592592593
0 0.7515950069348127 0.5206481481481481 0.7515950069348127 0.5251851851851852
0 0.7357142857142858 0.2348148148148148 0.735506241331484 0.23898148148148152
0 0.740499306518724 0.23046296296296298 0.7407766990291262 0.2341666666666667
0 0.7679611650485437 0.4755555555555556 0.7683079056865465 0.47981481481481486
0 0.7885575589459084 0.4713888888888889 0.7889042995839112 0.4756481481481482
0 0.8170596393897366 0.454537037037037 0.8169902912621358 0.4589814814814815
0 0.7936893203883495 0.7687962962962963 0.7939667128987519 0.7733333333333334
0 0.7916088765603329 0.7975925925925926 0.7920249653259361 0.8022222222222223
0 0.8099861303744799 0.852962962962963 0.8099861303744799 0.8580555555555557
0 0.8020804438280166 0.8832407407407408 0.8033980582524272 0.8880555555555556
0 0.8269070735090154 0.8850925925925927 0.8267683772538142 0.8902777777777778
0 0.9009708737864078 0.851388888888889 0.9013176144244106 0.8560185185185185
0 0.8990984743411928 0.7765740740740742 0.8993065187239945 0.7812037037037037
0 0.7955617198335645 0.692962962962963 0.7954923717059639 0.6971296296296297
0 0.8733009708737864 0.6337037037037037 0.8737170596393898 0.6385185185185186
0 0.8949375866851595 0.6025925925925926 0.8947988904299584 0.6075
0 0.8522884882108184 0.553888888888889 0.85249653259362 0.558425925925926
0 0.8280166435506241 0.5604629629629629 0.8279472954230237 0.5650925925925926
0 0.911373092926491 0.17342592592592596 0.9119278779472955 0.1776851851851852
0 0.8955617198335646 0.39407407407407413 0.8957004160887656 0.39861111111111114
0 0.9121359223300971 0.40064814814814814 0.911858529819695 0.4051851851851852
0 0.9126907073509015 0.44148148148148153 0.9127600554785021 0.4462037037037037
0 0.9435506241331484 0.6056481481481482 0.9436893203883495 0.6103703703703705
0 0.9146324549237171 0.6394444444444445 0.9151178918169209 0.6444444444444445
0 0.9387656033287102 0.7414814814814815 0.9387656033287102 0.746388888888889
0 0.9273231622746186 0.8175 0.927115117891817 0.8225925925925927
0 0.932871012482663 0.8990740740740741 0.9337031900138697 0.9036111111111111
0 0.9925104022191401 0.692962962962963 0.9915395284327323 0.6971296296296297
