0 0.041539528432732314 0.6114814814814815 0.04188626907073509 0.6167592592592593
0 0.08287101248266297 0.38722222222222225 0.08349514563106797 0.39166666666666666
0 0.06581137309292649 0.31574074074074077 0.06705963938973648 0.32092592592592595
0 0.12343966712898752 0.28611111111111115 0.12309292649098474 0.29055555555555557
0 0.08952843273231623 0.3791666666666667 0.08918169209431345 0.3837037037037037
0 0.16317614424410543 0.9764814814814814 0.16178918169209433 0.981111111111111
0 0.1748266296809986 0.297962962962963 0.17510402219140084 0.3031481481481481
0 0.16879334257975034 0.2625925925925926 0.16844660194174757 0.2675925925925926
0 0.1463245492371706 0.22601851851851854 0.14743411927877947 0.2312037037037037
0 0.2225381414701803 0.5333333333333333 0.2225381414701803 0.5382407407407407
0 0.24133148404993066 0.37592592592592594 0.2434119278779473 0.38074074074074077
0 0.2260748959778086 0.15888888888888889 0.22614424410540918 0.1637962962962963
0 0.26276005547850206 0.37166666666666665 0.262621359223301 0.3766666666666667
0 0.27593619972260747 0.45833333333333337 0.27565880721220526 0.46296296296296297
0 0.2887656033287101 0.4424074074074074 0.2885575589459085 0.4471296296296296
0 0.28273231622746187 0.4367592592592593 0.2832177531206657 0.4413888888888889
0 0.32122052704576975 0.7772222222222223 0.3210818307905687 0.7826851851851852
0 0.34639389736477116 0.7796296296296297 0.3455617198335645 0.784537037037037
0 0.32399445214979194 0.4577777777777778 0.3226768377253814 0.4620370370370371
0 0.332871012482663 0.44462962962962965 0.3328016643550624 0.44972222222222225
0 0.3296116504854369 0.2608333333333333 0.32877947295423027 0.26601851851851854
0 0.320873786407767 0.19425925925925927 0.3204576976421637 0.19935185185185186
0 0.37447988904299584 0.4667592592592593 0.3743411927877947 0.4715740740740741
0 0.3995145631067961 0.7919444444444445 0.3988904299583912 0.7963888888888889
0 0.44140083217753123 0.795462962962963 0.4408460471567268 0.8001851851851852
0 0.46907073509015257 0.5489814814814815 0.4688626907073509 0.5541666666666667
0 0.5572122052704577 0.7149074074074074 0.5567961165048544 0.7205555555555556
0 0.5623439667128988 0.6392592592592593 0.5620665742024965 0.6441666666666668
0 0.5433425797503467 0.4897222222222222 0.5449375866851595 0.4951851851851852
0 0.5656033287101249 0.4288888888888889 0.5648404993065187 0.4340740740740741
0 0.5628987517337032 0.3989814814814815 0.5626213592233009 0.4039814814814815
0 0.5610957004160888 0.3251851851851852 0.5609570041608877 0.3301851851851852
0 0.5549237170596394 0.3082407407407407 0.5545076282940361 0.31351851851851853
0 0.5751733703190014 0.28425925925925927 0.574618585298197 0.2888888888888889
0 0.5686546463245492 0.28138888888888886 0.5685159500693481 0.28620370370370374
0 0.5991678224687934 0.3987037037037037 0.5999306518723995 0.4027777777777778
0 0.692995839112344 0.7781481481481481 0.6923717059639389 0.7827777777777778
0 0.6875866851595007 0.7651851851851852 0.6876560332871012 0.7699074074074075
0 0.7449375866851595 0.1913888888888889 0.7449375866851595 0.1960185185185185
0 0.7120665742024965 0.2363888888888889 0.7118585298196949 0.24101851851851855
0 0.7067961165048544 0.7846296296296297 0.7058945908460471 0.7895370370370371
0 0.724757281553398 0.8818518518518519 0.7246879334257975 0.8863888888888889
0 0.8581830790568655 0.6168518518518519 0.8583217753120667 0.6217592592592592
0 0.8317614424410542 0.6888888888888889 0.832871012482663 0.6933333333333334
0 0.8344660194174757 0.7030555555555555 0.8359223300970875 0.7074074074074075
0 0.9007628294036062 0.6117592592592593 0.9006934812760056 0.6162962962962963
0 0.9508321775312066 0.28361111111111115 0.9509708737864078 0.28833333333333333
0 0.9889736477115117 0.6260185185185185 0.9893203883495145 0.6312037037037038
0 0.9724687933425797 0.6532407407407408 0.9734396671289876 0.6580555555555556
