0 0.1371012482662968 0.06407407407407407 0.13876560332871013 0.06814814814814815
0 0.18439667128987516 0.05620370370370371 0.18571428571428572 0.06037037037037037
0 0.09271844660194174 0.7946296296296297 0.09382801664355063 0.7992592592592593
0 0.21851595006934815 0.5360185185185186 0.21900138696255203 0.5402777777777777
0 0.5386962552011095 0.6719444444444446 0.5393897364771151 0.6765740740740741
0 0.7935506241331484 0.15574074074074074 0.7942441054091539 0.16
0 0.8252427184466019 0.17027777777777778 0.8258668515950071 0.17472222222222222
0 0.8280859916782246 0.2190740740740741 0.8298196948682385 0.22277777777777777
0 0.8753120665742026 0.6905555555555556 0.8762135922330098 0.6950000000000001
0 0.8576976421636616 0.5263888888888889 0.8583217753120667 0.5311111111111112
0 0.9205963938973648 0.4626851851851852 0.9217753120665743 0.46722222222222226
0 0.9871705963938974 0.1585185185185185 0.9876560332871013 0.16324074074074077
0 0.7212205270457698 0.2809259259259259 0.722122052704577 0.28564814814814815
0 0.4477808599167823 0.9187962962962963 0.4486823855755895 0.9232407407407408
0 0.44902912621359226 0.9324074074074075 0.4507628294036061 0.9364814814814815
0 0.15811373092926492 0.735 0.1585991678224688 0.7401851851851852
0 0.9900138696255201 0.9019444444444445 0.9909847434119279 0.9061111111111112
