0 0.11796116504854369 0.4783333333333334 0.11907073509015256 0.48351851851851857
0 0.13980582524271845 0.5163888888888889 0.14133148404993065 0.5208333333333334
0 0.1883495145631068 0.4756481481481482 0.18807212205270457 0.48037037037037034
0 0.24757281553398058 0.3464814814814815 0.24715672676837724 0.3511111111111111
0 0.25319001386962553 0.3521296296296297 0.2524271844660194 0.3566666666666667
0 0.2883495145631068 0.21925925925925926 0.288626907073509 0.22416666666666668
0 0.32357836338418866 0.1576851851851852 0.3222607489597781 0.16194444444444445
0 0.41768377253814143 0.055648148148148155 0.4169902912621359 0.06074074074074074
0 0.41733703190013866 0.5531481481481482 0.4174063800277392 0.5585185185185186
0 0.5366158113730929 0.6147222222222222 0.5352981969486824 0.6192592592592593
0 0.6387656033287101 0.13574074074074075 0.6386962552011096 0.14055555555555557
0 0.5972260748959779 0.6990740740740741 0.5970180305131761 0.7035185185185185
0 0.5959778085991678 0.7093518518518519 0.5981276005547851 0.7130555555555556
0 0.7186546463245492 0.06601851851851852 0.7185852981969487 0.07055555555555557
0 0.6842579750346741 0.8206481481481481 0.6834257975034674 0.8249074074074074
0 0.7815533980582524 0.8187037037037038 0.780998613037448 0.8228703703703705
0 0.7980582524271844 0.4612037037037037 0.7979195561719833 0.46546296296296297
0 0.7761442441054092 0.17351851851851854 0.775381414701803 0.17814814814814817
0 0.8836338418862691 0.6150925925925925 0.8835644937586685 0.6198148148148148
0 0.8830790568654647 0.5597222222222222 0.8832177531206657 0.5646296296296296
0 0.939875173370319 0.5150925925925925 0.9403606102635229 0.5191666666666668
0 0.9525658807212205 0.5151851851851852 0.9531900138696255 0.5195370370370371
