0 0.033148404993065185 0.8851851851851852 0.03522884882108183 0.8900000000000001
0 0.08120665742024966 0.8099074074074075 0.08183079056865465 0.8145370370370371
0 0.07586685159500695 0.7810185185185186 0.07552011095700417 0.7862962962962964
0 0.00492371705963939 0.7573148148148148 0.005339805825242718 0.7623148148148148
0 0.04327323162274618 0.6244444444444445 0.04382801664355063 0.6292592592592593
0 0.011650485436893204 0.5969444444444445 0.011650485436893204 0.6015740740740741
0 0.1703883495145631 0.6570370370370371 0.17045769764216367 0.6617592592592594
0 0.15235783633841884 0.763425925925926 0.1522884882108183 0.767962962962963
0 0.12142857142857143 0.832962962962963 0.12128987517337032 0.8377777777777777
0 0.14667128987517336 0.9000925925925927 0.14625520110957005 0.9048148148148148
0 0.1753120665742025 0.8971296296296296 0.17510402219140084 0.9018518518518519
0 0.2045769764216366 0.8422222222222223 0.20513176144244108 0.8467592592592593
0 0.19653259361997225 0.595925925925926 0.19701803051317615 0.6007407407407407
0 0.2983356449375867 0.7388888888888889 0.2982662968099862 0.7439814814814815
0 0.3049237170596394 0.7298148148148149 0.3061719833564494 0.7346296296296296
0 0.3121359223300971 0.677962962962963 0.3124826629680999 0.6831481481481482
0 0.34396671289875175 0.6185185185185186 0.3441747572815534 0.6237037037037038
0 0.34812760055478503 0.16620370370370371 0.34868238557558945 0.17074074074074075
0 0.4096393897364772 0.5623148148148148 0.41137309292649105 0.567037037037037
0 0.40644937586685165 0.7134259259259259 0.40665742024965323 0.7178703703703704
0 0.43751733703190016 0.750925925925926 0.4365464632454924 0.7560185185185185
0 0.4250346740638003 0.8390740740740742 0.4249653259361997 0.8433333333333333
0 0.40235783633841893 0.9050925925925927 0.4024271844660194 0.9098148148148149
0 0.45270457697642164 0.8541666666666667 0.45270457697642164 0.8588888888888889
0 0.47891816920943137 0.7847222222222222 0.4791955617198336 0.7891666666666667
0 0.5164355062413315 0.49953703703703706 0.5169209431345354 0.5042592592592593
0 0.5496532593619973 0.8885185185185186 0.55124826629681 0.8927777777777779
0 0.6279472954230236 0.5497222222222223 0.6278085991678225 0.5549074074074074
0 0.669625520110957 0.20185185185185187 0.6697642163661581 0.20805555555555555
0 0.646116504854369 0.5559259259259259 0.6461858529819695 0.5609259259259259
0 0.6844660194174758 0.7439814814814815 0.684882108183079 0.7487962962962964
0 0.6438973647711512 0.787962962962963 0.6438973647711512 0.7928703703703703
0 0.7296116504854369 0.7757407407407407 0.7302357836338419 0.7808333333333333
0 0.776005547850208 0.6582407407407408 0.7765603328710124 0.662962962962963
0 0.7721914008321775 0.6241666666666668 0.7724687933425798 0.6294444444444445
0 0.7169209431345354 0.11462962962962964 0.7179611650485437 0.11916666666666666
0 0.8120665742024965 0.43324074074074076 0.8115811373092926 0.43824074074074076
0 0.8409153952843272 0.4516666666666667 0.8409153952843272 0.4563888888888889
0 0.8201803051317615 0.5473148148148148 0.8199029126213592 0.5525000000000001
0 0.7988904299583911 0.6692592592592592 0.799375866851595 0.6746296296296297
0 0.8377253814147019 0.620925925925926 0.8374479889042995 0.6255555555555556
0 0.795353675450763 0.8437962962962963 0.7957004160887657 0.8493518518518518
0 0.8642163661581138 0.9061111111111112 0.8642163661581138 0.9106481481481482
0 0.8835644937586685 0.7682407407407408 0.8839805825242719 0.7735185185185185
0 0.9294036061026353 0.7403703703703705 0.9294729542302358 0.745462962962963
0 0.9151872399445216 0.7180555555555556 0.9154646324549237 0.7233333333333334
0 0.8614424410540916 0.6499074074074074 0.8622052704576977 0.6547222222222223
0 0.8772538141470181 0.6559259259259259 0.8779472954230236 0.6616666666666667
0 0.9276005547850208 0.5216666666666666 0.927253814147018 0.5264814814814816
0 0.9111650485436894 0.23546296296296299 0.9110263522884883 0.24018518518518517
0 0.9160194174757282 0.2301851851851852 0.9161581137309293 0.23462962962962963
0 0.875866851595007 0.2337962962962963 0.8764216366158114 0.23879629629629628
0 0.9432038834951456 0.4764814814814815 0.9432732316227462 0.4814814814814815
0 0.9768377253814147 0.4738888888888889 0.9780859916782247 0.478888888888889
0 0.9934119278779473 0.4550925925925926 0.9934119278779473 0.46027777777777784
0 0.9711511789181693 0.6939814814814815 0.9718446601941748 0.6993518518518519
0 0.9694868238557559 0.7700925925925927 0.9701803051317615 0.7747222222222223
0 0.9676837725381415 0.7991666666666667 0.9691400832177531 0.8042592592592593
0 0.9625520110957004 0.9188888888888889 0.9628987517337032 0.9243518518518519
0 0.9775312066574202 0.8844444444444445 0.9775312066574202 0.888888888888889
0 0.986615811373093 0.8551851851851853 0.9866851595006935 0.8596296296296296
0 0.7052011095700416 0.915 0.705617198335645 0.92
